-70.0
[0, 0, 0, 0, 180, 0, 0, 0, 180, 0, 0, 0, 180, 0, 0, 0, 180, 0, 0, 0]
[0, 0, 355.5, 0, 180, 0, 0, 0, 180, 0, 0, 0, 180, 0, 0, 0, 180, 0, 0, 0]
[0, 0, 351.0, 0, 180, 0, 0, 0, 180, 0, 0, 0, 180, 0, 0, 0, 180, 0, 0, 0]
[355.5, 0, 351.0, 0, 180, 0, 0, 0, 180, 0, 0, 0, 180, 0, 0, 0, 180, 0, 0, 0]
[351.0, 0, 351.0, 0, 180, 0, 0, 0, 180, 0, 0, 0, 180, 0, 0, 0, 180, 0, 0, 0]
[355.5, 0, 346.5, 0, 180, 0, 0, 0, 180, 0, 0, 0, 180, 0, 0, 0, 180, 0, 0, 0]
[355.5, 0, 346.5, 0, 180, 0, 0, 0, 180, 0, 0, 0, 180, 0, 0, 0, 180, 0, 0, 0]
[355.5, 0, 346.5, 0, 180, 0, 0, 0, 180, 0, 0, 0, 180, 0, 0, 0, 180, 0, 0, 0]
[0.0, 0, 346.5, 0, 180, 0, 0, 0, 180, 0, 0, 0, 180, 0, 0, 0, 180, 0, 0, 0]
[4.5, 0, 346.5, 0, 180, 0, 0, 0, 180, 0, 0, 0, 180, 0, 0, 0, 180, 0, 0, 0]
[4.5, 0, 346.5, 0, 180, 0, 0, 0, 180, 0, 0, 0, 180, 0, 0, 0, 180, 0, 0, 0]
[9.0, 0, 346.5, 0, 180, 0, 0, 0, 180, 0, 0, 0, 180, 0, 0, 0, 180, 0, 0, 0]
[13.5, 0, 346.5, 0, 180, 0, 0, 0, 180, 0, 0, 0, 180, 0, 0, 0, 180, 0, 0, 0]
[18.0, 0, 342.0, 0, 180, 0, 0, 0, 180, 0, 0, 0, 180, 0, 0, 0, 180, 0, 0, 0]
[22.5, 0, 337.5, 0, 180, 0, 0, 0, 180, 0, 0, 0, 180, 0, 0, 0, 180, 0, 0, 0]
[27.0, 0, 333.0, 0, 180, 0, 0, 0, 180, 0, 0, 0, 180, 0, 0, 0, 180, 0, 0, 0]
[31.5, 0, 328.5, 0, 180, 0, 0, 0, 180, 0, 0, 0, 180, 0, 0, 0, 180, 0, 0, 0]
[31.5, 0, 328.5, 0, 180, 0, 0, 0, 180, 0, 0, 0, 180, 0, 0, 0, 180, 0, 0, 0]
[36.0, 0, 324.0, 0, 180, 0, 0, 0, 180, 0, 0, 0, 180, 0, 0, 0, 180, 0, 0, 0]
[40.5, 0, 319.5, 0, 180, 0, 0, 0, 180, 0, 0, 0, 180, 0, 0, 0, 180, 0, 0, 0]
[45.0, 0, 315.0, 0, 180, 0, 0, 0, 180, 0, 0, 0, 180, 0, 0, 0, 180, 0, 0, 0]
[49.5, 0, 310.5, 0, 180, 0, 0, 0, 180, 0, 0, 0, 180, 0, 0, 0, 180, 0, 0, 0]
[54.0, 0, 306.0, 0, 180, 0, 0, 0, 180, 0, 0, 0, 180, 0, 0, 0, 180, 0, 0, 0]
[58.5, 0, 301.5, 0, 180, 0, 0, 0, 180, 0, 0, 0, 180, 0, 0, 0, 180, 0, 0, 0]
[63.0, 0, 297.0, 0, 180, 0, 0, 0, 180, 0, 0, 0, 180, 0, 0, 0, 180, 0, 0, 0]
[63.0, 0, 292.5, 0, 180, 0, 0, 0, 180, 0, 0, 0, 180, 0, 0, 0, 180, 0, 0, 0]
[67.5, 0, 288.0, 0, 180, 0, 0, 0, 180, 0, 0, 0, 180, 0, 0, 0, 180, 0, 0, 0]
[72.0, 0, 283.5, 0, 180, 0, 0, 0, 180, 0, 0, 0, 180, 0, 0, 0, 180, 0, 0, 0]
[76.5, 0, 279.0, 0, 180, 0, 0, 0, 180, 0, 0, 0, 180, 0, 0, 0, 180, 0, 0, 0]
[81.0, 0, 274.5, 0, 180, 0, 0, 0, 180, 0, 0, 0, 180, 0, 0, 0, 180, 0, 0, 0]
[85.5, 0, 270.0, 0, 180, 0, 0, 0, 180, 0, 0, 0, 180, 0, 0, 0, 180, 0, 0, 0]
[90.0, 0, 265.5, 0, 180, 0, 0, 0, 180, 0, 0, 0, 180, 0, 0, 0, 180, 0, 0, 0]
[94.5, 0, 270.0, 0, 180, 0, 0, 0, 180, 0, 0, 0, 180, 0, 0, 0, 180, 0, 0, 0]
[94.5, 0, 265.5, 0, 180, 0, 0, 0, 180, 0, 0, 0, 180, 0, 0, 0, 180, 0, 0, 0]
[99.0, 0, 261.0, 0, 180, 0, 0, 0, 180, 0, 0, 0, 180, 0, 0, 0, 180, 0, 0, 0]
[103.5, 0, 256.5, 0, 180, 0, 0, 0, 180, 0, 0, 0, 180, 0, 0, 0, 180, 0, 0, 0]
[108.0, 0, 252.0, 0, 180, 0, 0, 0, 180, 0, 0, 0, 180, 0, 0, 0, 180, 0, 0, 0]
[112.5, 0, 247.5, 0, 180, 0, 0, 0, 180, 0, 0, 0, 180, 0, 0, 0, 180, 0, 0, 0]
[117.0, 0, 243.0, 0, 180, 0, 0, 0, 180, 0, 0, 0, 180, 0, 0, 0, 180, 0, 0, 0]
[121.5, 0, 243.0, 0, 180, 0, 0, 0, 180, 0, 0, 0, 180, 0, 0, 0, 180, 0, 0, 0]
[121.5, 0, 238.5, 0, 180, 0, 0, 0, 180, 0, 0, 0, 180, 0, 0, 0, 180, 0, 0, 0]
[126.0, 0, 234.0, 0, 180, 0, 0, 0, 180, 0, 0, 0, 180, 0, 0, 0, 180, 0, 0, 0]
[130.5, 0, 229.5, 0, 180, 0, 0, 0, 180, 0, 0, 0, 180, 0, 0, 0, 180, 0, 0, 0]
[135.0, 0, 225.0, 0, 180, 0, 0, 0, 180, 0, 0, 0, 180, 0, 0, 0, 180, 0, 0, 0]
[139.5, 0, 220.5, 0, 180, 0, 0, 0, 180, 0, 0, 0, 180, 0, 0, 0, 180, 0, 0, 0]
[144.0, 0, 216.0, 0, 180, 0, 0, 0, 180, 0, 0, 0, 180, 0, 0, 0, 180, 0, 0, 0]
[148.5, 0, 211.5, 0, 180, 0, 0, 0, 180, 0, 0, 0, 180, 0, 0, 0, 180, 0, 0, 0]
[153.0, 0, 207.0, 0, 180, 0, 0, 0, 180, 0, 0, 0, 180, 0, 0, 0, 180, 0, 0, 0]
[153.0, 0, 202.5, 0, 180, 0, 0, 0, 180, 0, 0, 0, 180, 0, 0, 0, 180, 0, 0, 0]
[157.5, 0, 202.5, 0, 180, 0, 0, 0, 180, 0, 0, 0, 180, 0, 0, 0, 180, 0, 0, 0]
[162.0, 0, 198.0, 0, 180, 0, 0, 0, 180, 0, 0, 0, 180, 0, 0, 0, 180, 0, 0, 0]
[166.5, 0, 193.5, 0, 180, 0, 0, 0, 180, 0, 0, 0, 180, 0, 0, 0, 180, 0, 0, 0]
[171.0, 0, 189.0, 0, 180, 0, 0, 0, 180, 0, 0, 0, 180, 0, 0, 0, 180, 0, 0, 0]
[175.5, 0, 184.5, 0, 180, 0, 0, 0, 180, 0, 0, 0, 180, 0, 0, 0, 180, 0, 0, 0]
[171.0, 0, 189.0, 0, 180, 0, 8.7, 0, 180, 0, 8.7, 0, 171.3, 0, 8.7, 0, 171.3, 0, 8.7, 0]
[166.5, 0, 193.5, 0, 188.7, 0, 17.4, 0, 188.7, 0, 17.4, 0, 162.60000000000002, 0, 0.0, 0, 162.60000000000002, 0, 0.0, 0]
[162.0, 0, 198.0, 0, 197.39999999999998, 0, 26.099999999999998, 0, 197.39999999999998, 0, 26.099999999999998, 0, 153.90000000000003, 0, 351.3, 0, 153.90000000000003, 0, 351.3, 0]
[157.5, 0, 202.5, 0, 188.7, 0, 17.4, 0, 188.7, 0, 17.4, 0, 162.60000000000002, 0, 0.0, 0, 162.60000000000002, 0, 0.0, 0]
[153.0, 0, 207.0, 0, 180.0, 0, 8.7, 0, 180.0, 0, 8.7, 0, 171.3, 0, 8.7, 0, 171.3, 0, 8.7, 0]
[148.5, 0, 211.5, 0, 180.0, 0, 0.0, 0, 180.0, 0, 0.0, 0, 180.0, 0, 0.0, 0, 180.0, 0, 0.0, 0]
[144.0, 0, 216.0, 0, 180.0, 0, 0.0, 0, 180.0, 0, 0.0, 0, 180.0, 0, 0.0, 0, 180.0, 0, 0.0, 0]
[139.5, 0, 220.5, 0, 180.0, 0, 0.0, 0, 180.0, 0, 0.0, 0, 180.0, 0, 0.0, 0, 180.0, 0, 0.0, 0]
[135.0, 0, 225.0, 0, 171.3, 0, 0.0, 0, 171.3, 0, 0.0, 0, 180.0, 0, 8.7, 0, 180.0, 0, 8.7, 0]
[130.5, 0, 229.5, 0, 180.0, 0, 0.0, 0, 180.0, 0, 0.0, 0, 180.0, 0, 8.7, 0, 180.0, 0, 8.7, 0]
[126.0, 0, 234.0, 0, 171.3, 0, 0.0, 0, 171.3, 0, 0.0, 0, 180.0, 0, 0.0, 0, 180.0, 0, 0.0, 0]
[121.5, 0, 238.5, 0, 162.60000000000002, 0, 8.7, 0, 162.60000000000002, 0, 8.7, 0, 188.7, 0, 351.3, 0, 188.7, 0, 351.3, 0]
[117.0, 0, 243.0, 0, 171.3, 0, 8.7, 0, 171.3, 0, 8.7, 0, 180.0, 0, 0.0, 0, 180.0, 0, 0.0, 0]
[112.5, 0, 247.5, 0, 180.0, 0, 0.0, 0, 180.0, 0, 0.0, 0, 180.0, 0, 0.0, 0, 180.0, 0, 0.0, 0]
[108.0, 0, 252.0, 0, 180.0, 0, 0.0, 0, 180.0, 0, 0.0, 0, 180.0, 0, 0.0, 0, 180.0, 0, 0.0, 0]
[103.5, 0, 256.5, 0, 180.0, 0, 0.0, 0, 180.0, 0, 0.0, 0, 180.0, 0, 0.0, 0, 180.0, 0, 0.0, 0]
[99.0, 0, 261.0, 0, 180.0, 0, 0.0, 0, 180.0, 0, 0.0, 0, 180.0, 0, 0.0, 0, 180.0, 0, 0.0, 0]
[94.5, 0, 265.5, 0, 180.0, 0, 0.0, 0, 180.0, 0, 0.0, 0, 180.0, 0, 0.0, 0, 180.0, 0, 0.0, 0]
[90.0, 0, 270.0, 0, 180.0, 0, 0.0, 0, 180.0, 0, 0.0, 0, 180.0, 0, 351.3, 0, 180.0, 0, 351.3, 0]
[85.5, 0, 274.5, 0, 180.0, 0, 351.3, 0, 180.0, 0, 351.3, 0, 180.0, 0, 0.0, 0, 180.0, 0, 0.0, 0]
[81.0, 0, 279.0, 0, 180.0, 0, 0.0, 0, 180.0, 0, 0.0, 0, 180.0, 0, 0.0, 0, 180.0, 0, 0.0, 0]
[76.5, 0, 283.5, 0, 180.0, 0, 0.0, 0, 180.0, 0, 0.0, 0, 180.0, 0, 0.0, 0, 180.0, 0, 0.0, 0]
[72.0, 0, 288.0, 0, 171.3, 0, 8.7, 0, 171.3, 0, 8.7, 0, 188.7, 0, 351.3, 0, 188.7, 0, 351.3, 0]
[67.5, 0, 292.5, 0, 162.60000000000002, 0, 17.4, 0, 162.60000000000002, 0, 17.4, 0, 197.39999999999998, 0, 342.6, 0, 197.39999999999998, 0, 342.6, 0]
[63.0, 0, 297.0, 0, 171.3, 0, 8.7, 0, 171.3, 0, 8.7, 0, 188.7, 0, 342.6, 0, 188.7, 0, 342.6, 0]
[58.5, 0, 301.5, 0, 180.0, 0, 0.0, 0, 180.0, 0, 0.0, 0, 180.0, 0, 351.3, 0, 180.0, 0, 351.3, 0]
[54.0, 0, 306.0, 0, 188.7, 0, 0.0, 0, 188.7, 0, 0.0, 0, 180.0, 0, 351.3, 0, 180.0, 0, 351.3, 0]
[49.5, 0, 310.5, 0, 188.7, 0, 0.0, 0, 188.7, 0, 0.0, 0, 180.0, 0, 0.0, 0, 180.0, 0, 0.0, 0]
[45.0, 0, 315.0, 0, 197.39999999999998, 0, 0.0, 0, 197.39999999999998, 0, 0.0, 0, 180.0, 0, 8.7, 0, 180.0, 0, 8.7, 0]
[40.5, 0, 319.5, 0, 188.7, 0, 0.0, 0, 188.7, 0, 0.0, 0, 180.0, 0, 17.4, 0, 180.0, 0, 17.4, 0]
[36.0, 0, 324.0, 0, 180.0, 0, 0.0, 0, 180.0, 0, 0.0, 0, 180.0, 0, 8.7, 0, 180.0, 0, 8.7, 0]
[31.5, 0, 328.5, 0, 188.7, 0, 0.0, 0, 188.7, 0, 0.0, 0, 180.0, 0, 8.7, 0, 180.0, 0, 8.7, 0]
[27.0, 0, 333.0, 0, 197.39999999999998, 0, 351.3, 0, 197.39999999999998, 0, 351.3, 0, 171.3, 0, 17.4, 0, 171.3, 0, 17.4, 0]
[22.5, 0, 337.5, 0, 188.7, 0, 351.3, 0, 188.7, 0, 351.3, 0, 171.3, 0, 8.7, 0, 171.3, 0, 8.7, 0]
[18.0, 0, 342.0, 0, 180.0, 0, 0.0, 0, 180.0, 0, 0.0, 0, 180.0, 0, 0.0, 0, 180.0, 0, 0.0, 0]
[13.5, 0, 346.5, 0, 180.0, 0, 0.0, 0, 180.0, 0, 0.0, 0, 180.0, 0, 0.0, 0, 180.0, 0, 0.0, 0]
[9.0, 0, 351.0, 0, 180.0, 0, 0.0, 0, 180.0, 0, 0.0, 0, 180.0, 0, 0.0, 0, 180.0, 0, 0.0, 0]
[4.5, 0, 355.5, 0, 180.0, 0, 0.0, 0, 180.0, 0, 0.0, 0, 180.0, 0, 0.0, 0, 180.0, 0, 0.0, 0]
-74.0
[0, 0, 0, 0, 180, 0, 0, 0, 180, 0, 0, 0, 180, 0, 0, 0, 180, 0, 0, 0]
[4.5, 0, 355.5, 0, 180, 0, 0, 0, 180, 0, 0, 0, 180, 0, 0, 0, 180, 0, 0, 0]
[9.0, 0, 351.0, 0, 180, 0, 0, 0, 180, 0, 0, 0, 180, 0, 0, 0, 180, 0, 0, 0]
[13.5, 0, 346.5, 0, 180, 0, 0, 0, 180, 0, 0, 0, 180, 0, 0, 0, 180, 0, 0, 0]
[13.5, 0, 342.0, 0, 180, 0, 0, 0, 180, 0, 0, 0, 180, 0, 0, 0, 180, 0, 0, 0]
[18.0, 0, 337.5, 0, 180, 0, 0, 0, 180, 0, 0, 0, 180, 0, 0, 0, 180, 0, 0, 0]
[22.5, 0, 333.0, 0, 180, 0, 0, 0, 180, 0, 0, 0, 180, 0, 0, 0, 180, 0, 0, 0]
[27.0, 0, 333.0, 0, 180, 0, 0, 0, 180, 0, 0, 0, 180, 0, 0, 0, 180, 0, 0, 0]
[31.5, 0, 333.0, 0, 180, 0, 0, 0, 180, 0, 0, 0, 180, 0, 0, 0, 180, 0, 0, 0]
[36.0, 0, 328.5, 0, 180, 0, 0, 0, 180, 0, 0, 0, 180, 0, 0, 0, 180, 0, 0, 0]
[40.5, 0, 328.5, 0, 180, 0, 0, 0, 180, 0, 0, 0, 180, 0, 0, 0, 180, 0, 0, 0]
[45.0, 0, 324.0, 0, 180, 0, 0, 0, 180, 0, 0, 0, 180, 0, 0, 0, 180, 0, 0, 0]
[45.0, 0, 319.5, 0, 180, 0, 0, 0, 180, 0, 0, 0, 180, 0, 0, 0, 180, 0, 0, 0]
[49.5, 0, 319.5, 0, 180, 0, 8.7, 0, 180, 0, 8.7, 0, 180, 0, 8.7, 0, 180, 0, 8.7, 0]
[54.0, 0, 315.0, 0, 180, 0, 8.7, 0, 180, 0, 8.7, 0, 180, 0, 8.7, 0, 180, 0, 8.7, 0]
[58.5, 0, 310.5, 0, 180, 0, 8.7, 0, 180, 0, 8.7, 0, 180, 0, 8.7, 0, 180, 0, 8.7, 0]
[63.0, 0, 306.0, 0, 180, 0, 8.7, 0, 180, 0, 8.7, 0, 180, 0, 8.7, 0, 180, 0, 8.7, 0]
[67.5, 0, 301.5, 0, 180, 0, 0.0, 0, 180, 0, 0.0, 0, 180, 0, 0.0, 0, 180, 0, 0.0, 0]
[72.0, 0, 297.0, 0, 180, 0, 0.0, 0, 180, 0, 0.0, 0, 180, 0, 0.0, 0, 180, 0, 0.0, 0]
[76.5, 0, 292.5, 0, 180, 0, 0.0, 0, 180, 0, 0.0, 0, 180, 0, 0.0, 0, 180, 0, 0.0, 0]
[76.5, 0, 288.0, 0, 180, 0, 351.3, 0, 180, 0, 351.3, 0, 180, 0, 351.3, 0, 180, 0, 351.3, 0]
[81.0, 0, 283.5, 0, 180, 0, 0.0, 0, 180, 0, 0.0, 0, 180, 0, 0.0, 0, 180, 0, 0.0, 0]
[85.5, 0, 279.0, 0, 180, 0, 0.0, 0, 180, 0, 0.0, 0, 180, 0, 0.0, 0, 180, 0, 0.0, 0]
[90.0, 0, 274.5, 0, 180, 0, 0.0, 0, 180, 0, 0.0, 0, 180, 0, 0.0, 0, 180, 0, 0.0, 0]
[94.5, 0, 270.0, 0, 180, 0, 0.0, 0, 180, 0, 0.0, 0, 180, 0, 0.0, 0, 180, 0, 0.0, 0]
[99.0, 0, 265.5, 0, 180, 0, 0.0, 0, 180, 0, 0.0, 0, 180, 0, 0.0, 0, 180, 0, 0.0, 0]
[103.5, 0, 261.0, 0, 180, 0, 0.0, 0, 180, 0, 0.0, 0, 180, 0, 0.0, 0, 180, 0, 0.0, 0]
[103.5, 0, 256.5, 0, 180, 0, 0.0, 0, 180, 0, 0.0, 0, 180, 0, 0.0, 0, 180, 0, 0.0, 0]
[108.0, 0, 252.0, 0, 180, 0, 0.0, 0, 180, 0, 0.0, 0, 180, 0, 0.0, 0, 180, 0, 0.0, 0]
[112.5, 0, 247.5, 0, 180, 0, 0.0, 0, 180, 0, 0.0, 0, 180, 0, 0.0, 0, 180, 0, 0.0, 0]
[117.0, 0, 247.5, 0, 180, 0, 0.0, 0, 180, 0, 0.0, 0, 180, 0, 0.0, 0, 180, 0, 0.0, 0]
[121.5, 0, 243.0, 0, 180, 0, 0.0, 0, 180, 0, 0.0, 0, 180, 0, 0.0, 0, 180, 0, 0.0, 0]
[126.0, 0, 238.5, 0, 180, 0, 0.0, 0, 180, 0, 0.0, 0, 180, 0, 0.0, 0, 180, 0, 0.0, 0]
[130.5, 0, 234.0, 0, 180, 0, 0.0, 0, 180, 0, 0.0, 0, 180, 0, 0.0, 0, 180, 0, 0.0, 0]
[135.0, 0, 234.0, 0, 180, 0, 8.7, 0, 180, 0, 8.7, 0, 180, 0, 8.7, 0, 180, 0, 8.7, 0]
[135.0, 0, 234.0, 0, 180, 0, 8.7, 0, 180, 0, 8.7, 0, 180, 0, 8.7, 0, 180, 0, 8.7, 0]
[139.5, 0, 229.5, 0, 180, 0, 8.7, 0, 180, 0, 8.7, 0, 180, 0, 8.7, 0, 180, 0, 8.7, 0]
[144.0, 0, 225.0, 0, 180, 0, 8.7, 0, 180, 0, 8.7, 0, 180, 0, 8.7, 0, 180, 0, 8.7, 0]
[148.5, 0, 220.5, 0, 180, 0, 8.7, 0, 180, 0, 8.7, 0, 180, 0, 8.7, 0, 180, 0, 8.7, 0]
[153.0, 0, 216.0, 0, 180, 0, 8.7, 0, 180, 0, 8.7, 0, 180, 0, 8.7, 0, 180, 0, 8.7, 0]
[157.5, 0, 216.0, 0, 180, 0, 8.7, 0, 180, 0, 8.7, 0, 180, 0, 8.7, 0, 180, 0, 8.7, 0]
[157.5, 0, 216.0, 0, 180, 0, 8.7, 0, 180, 0, 8.7, 0, 180, 0, 0.0, 0, 180, 0, 0.0, 0]
[162.0, 0, 211.5, 0, 180, 0, 8.7, 0, 180, 0, 8.7, 0, 180, 0, 0.0, 0, 180, 0, 0.0, 0]
[166.5, 0, 207.0, 0, 180, 0, 8.7, 0, 180, 0, 8.7, 0, 180, 0, 0.0, 0, 180, 0, 0.0, 0]
[171.0, 0, 202.5, 0, 180, 0, 8.7, 0, 180, 0, 8.7, 0, 180, 0, 0.0, 0, 180, 0, 0.0, 0]
[175.5, 0, 198.0, 0, 180, 0, 8.7, 0, 180, 0, 8.7, 0, 180, 0, 0.0, 0, 180, 0, 0.0, 0]
[175.5, 0, 198.0, 0, 180, 0, 8.7, 0, 180, 0, 8.7, 0, 180, 0, 0.0, 0, 180, 0, 0.0, 0]
[180.0, 0, 193.5, 0, 180, 0, 8.7, 0, 180, 0, 8.7, 0, 180, 0, 0.0, 0, 180, 0, 0.0, 0]
[184.5, 0, 189.0, 0, 180, 0, 8.7, 0, 180, 0, 8.7, 0, 180, 0, 0.0, 0, 180, 0, 0.0, 0]
[189.0, 0, 184.5, 0, 180, 0, 8.7, 0, 180, 0, 8.7, 0, 180, 0, 0.0, 0, 180, 0, 0.0, 0]
[193.5, 0, 180.0, 0, 180, 0, 8.7, 0, 180, 0, 8.7, 0, 180, 0, 0.0, 0, 180, 0, 0.0, 0]
[193.5, 0, 180.0, 0, 171.3, 0, 8.7, 0, 171.3, 0, 8.7, 0, 171.3, 0, 0.0, 0, 171.3, 0, 0.0, 0]
[193.5, 0, 180.0, 0, 171.3, 0, 17.4, 0, 171.3, 0, 17.4, 0, 171.3, 0, 8.7, 0, 171.3, 0, 8.7, 0]
[193.5, 0, 184.5, 0, 171.3, 0, 17.4, 0, 171.3, 0, 17.4, 0, 171.3, 0, 0.0, 0, 171.3, 0, 0.0, 0]
[198.0, 0, 189.0, 0, 171.3, 0, 26.099999999999998, 0, 171.3, 0, 26.099999999999998, 0, 171.3, 0, 351.3, 0, 171.3, 0, 351.3, 0]
[202.5, 0, 193.5, 0, 171.3, 0, 34.8, 0, 171.3, 0, 34.8, 0, 171.3, 0, 351.3, 0, 171.3, 0, 351.3, 0]
[207.0, 0, 198.0, 0, 171.3, 0, 43.5, 0, 171.3, 0, 43.5, 0, 171.3, 0, 351.3, 0, 171.3, 0, 351.3, 0]
[211.5, 0, 202.5, 0, 171.3, 0, 52.2, 0, 171.3, 0, 52.2, 0, 171.3, 0, 351.3, 0, 171.3, 0, 351.3, 0]
[216.0, 0, 207.0, 0, 171.3, 0, 60.900000000000006, 0, 171.3, 0, 60.900000000000006, 0, 171.3, 0, 0.0, 0, 171.3, 0, 0.0, 0]
[220.5, 0, 211.5, 0, 171.3, 0, 69.60000000000001, 0, 171.3, 0, 69.60000000000001, 0, 171.3, 0, 0.0, 0, 171.3, 0, 0.0, 0]
[225.0, 0, 216.0, 0, 171.3, 0, 78.30000000000001, 0, 171.3, 0, 78.30000000000001, 0, 171.3, 0, 0.0, 0, 171.3, 0, 0.0, 0]
[229.5, 0, 220.5, 0, 171.3, 0, 87.00000000000001, 0, 171.3, 0, 87.00000000000001, 0, 171.3, 0, 8.7, 0, 171.3, 0, 8.7, 0]
[234.0, 0, 225.0, 0, 171.3, 0, 87.00000000000001, 0, 171.3, 0, 87.00000000000001, 0, 171.3, 0, 17.4, 0, 171.3, 0, 17.4, 0]
[238.5, 0, 229.5, 0, 171.3, 0, 95.70000000000002, 0, 171.3, 0, 95.70000000000002, 0, 171.3, 0, 8.7, 0, 171.3, 0, 8.7, 0]
[243.0, 0, 234.0, 0, 171.3, 0, 95.70000000000002, 0, 171.3, 0, 95.70000000000002, 0, 171.3, 0, 8.7, 0, 171.3, 0, 8.7, 0]
[247.5, 0, 238.5, 0, 171.3, 0, 104.40000000000002, 0, 171.3, 0, 104.40000000000002, 0, 171.3, 0, 0.0, 0, 171.3, 0, 0.0, 0]
[252.0, 0, 243.0, 0, 180.0, 0, 104.40000000000002, 0, 180.0, 0, 104.40000000000002, 0, 180.0, 0, 0.0, 0, 180.0, 0, 0.0, 0]
[256.5, 0, 247.5, 0, 188.7, 0, 104.40000000000002, 0, 188.7, 0, 104.40000000000002, 0, 188.7, 0, 0.0, 0, 188.7, 0, 0.0, 0]
[261.0, 0, 252.0, 0, 180.0, 0, 104.40000000000002, 0, 180.0, 0, 104.40000000000002, 0, 180.0, 0, 0.0, 0, 180.0, 0, 0.0, 0]
[265.5, 0, 256.5, 0, 180.0, 0, 104.40000000000002, 0, 180.0, 0, 104.40000000000002, 0, 180.0, 0, 0.0, 0, 180.0, 0, 0.0, 0]
[270.0, 0, 261.0, 0, 180.0, 0, 113.10000000000002, 0, 180.0, 0, 113.10000000000002, 0, 180.0, 0, 8.7, 0, 180.0, 0, 8.7, 0]
[274.5, 0, 265.5, 0, 180.0, 0, 113.10000000000002, 0, 180.0, 0, 113.10000000000002, 0, 180.0, 0, 8.7, 0, 180.0, 0, 8.7, 0]
[279.0, 0, 270.0, 0, 180.0, 0, 104.40000000000002, 0, 180.0, 0, 104.40000000000002, 0, 180.0, 0, 0.0, 0, 180.0, 0, 0.0, 0]
[283.5, 0, 274.5, 0, 180.0, 0, 104.40000000000002, 0, 180.0, 0, 104.40000000000002, 0, 180.0, 0, 8.7, 0, 180.0, 0, 8.7, 0]
[283.5, 0, 279.0, 0, 171.3, 0, 104.40000000000002, 0, 171.3, 0, 104.40000000000002, 0, 171.3, 0, 0.0, 0, 171.3, 0, 0.0, 0]
[283.5, 0, 283.5, 0, 171.3, 0, 104.40000000000002, 0, 171.3, 0, 104.40000000000002, 0, 171.3, 0, 0.0, 0, 171.3, 0, 0.0, 0]
[288.0, 0, 288.0, 0, 171.3, 0, 95.70000000000002, 0, 171.3, 0, 95.70000000000002, 0, 171.3, 0, 0.0, 0, 171.3, 0, 0.0, 0]
[292.5, 0, 292.5, 0, 171.3, 0, 87.00000000000001, 0, 171.3, 0, 87.00000000000001, 0, 171.3, 0, 8.7, 0, 171.3, 0, 8.7, 0]
[297.0, 0, 297.0, 0, 171.3, 0, 78.30000000000001, 0, 171.3, 0, 78.30000000000001, 0, 171.3, 0, 0.0, 0, 171.3, 0, 0.0, 0]
[301.5, 0, 301.5, 0, 171.3, 0, 87.00000000000001, 0, 171.3, 0, 87.00000000000001, 0, 171.3, 0, 351.3, 0, 171.3, 0, 351.3, 0]
[306.0, 0, 306.0, 0, 171.3, 0, 78.30000000000001, 0, 171.3, 0, 78.30000000000001, 0, 171.3, 0, 0.0, 0, 171.3, 0, 0.0, 0]
[310.5, 0, 310.5, 0, 171.3, 0, 87.00000000000001, 0, 171.3, 0, 87.00000000000001, 0, 171.3, 0, 0.0, 0, 171.3, 0, 0.0, 0]
[315.0, 0, 315.0, 0, 171.3, 0, 78.30000000000001, 0, 171.3, 0, 78.30000000000001, 0, 171.3, 0, 0.0, 0, 171.3, 0, 0.0, 0]
[319.5, 0, 319.5, 0, 180.0, 0, 69.60000000000001, 0, 180.0, 0, 69.60000000000001, 0, 180.0, 0, 8.7, 0, 180.0, 0, 8.7, 0]
[324.0, 0, 324.0, 0, 180.0, 0, 60.900000000000006, 0, 180.0, 0, 60.900000000000006, 0, 180.0, 0, 8.7, 0, 180.0, 0, 8.7, 0]
[328.5, 0, 328.5, 0, 180.0, 0, 52.2, 0, 180.0, 0, 52.2, 0, 180.0, 0, 0.0, 0, 180.0, 0, 0.0, 0]
[333.0, 0, 333.0, 0, 180.0, 0, 43.5, 0, 180.0, 0, 43.5, 0, 180.0, 0, 351.3, 0, 180.0, 0, 351.3, 0]
[337.5, 0, 337.5, 0, 180.0, 0, 34.8, 0, 180.0, 0, 34.8, 0, 180.0, 0, 351.3, 0, 180.0, 0, 351.3, 0]
[342.0, 0, 342.0, 0, 188.7, 0, 26.099999999999998, 0, 188.7, 0, 26.099999999999998, 0, 188.7, 0, 342.6, 0, 188.7, 0, 342.6, 0]
[346.5, 0, 346.5, 0, 180.0, 0, 17.4, 0, 180.0, 0, 17.4, 0, 180.0, 0, 342.6, 0, 180.0, 0, 342.6, 0]
[351.0, 0, 351.0, 0, 180.0, 0, 8.7, 0, 180.0, 0, 8.7, 0, 180.0, 0, 351.3, 0, 180.0, 0, 351.3, 0]
[355.5, 0, 355.5, 0, 180.0, 0, 0.0, 0, 180.0, 0, 0.0, 0, 180.0, 0, 0.0, 0, 180.0, 0, 0.0, 0]
70.0
[0, 0, 0, 0, 0, 0, 180, 0, 0, 0, 180, 0, 0, 0, 180, 0, 0, 0, 180, 0]
[4.5, 0, 0, 0, 0, 0, 180, 0, 0, 0, 180, 0, 0, 0, 180, 0, 0, 0, 180, 0]
[0.0, 0, 0, 0, 0, 0, 180, 0, 0, 0, 180, 0, 0, 0, 180, 0, 0, 0, 180, 0]
[4.5, 0, 0, 0, 0, 0, 180, 0, 0, 0, 180, 0, 0, 0, 180, 0, 0, 0, 180, 0]
[9.0, 0, 4.5, 0, 0, 0, 180, 0, 0, 0, 180, 0, 0, 0, 180, 0, 0, 0, 180, 0]
[13.5, 0, 9.0, 0, 8.7, 0, 180, 0, 8.7, 0, 180, 0, 0, 0, 180, 0, 0, 0, 180, 0]
[18.0, 0, 4.5, 0, 8.7, 0, 180, 0, 8.7, 0, 180, 0, 0, 0, 180, 0, 0, 0, 180, 0]
[22.5, 0, 0.0, 0, 8.7, 0, 180, 0, 8.7, 0, 180, 0, 0, 0, 180, 0, 0, 0, 180, 0]
[27.0, 0, 355.5, 0, 0.0, 0, 180, 0, 0.0, 0, 180, 0, 0, 0, 180, 0, 0, 0, 180, 0]
[31.5, 0, 351.0, 0, 0.0, 0, 180, 0, 0.0, 0, 180, 0, 0, 0, 180, 0, 0, 0, 180, 0]
[31.5, 0, 351.0, 0, 0.0, 0, 180, 0, 0.0, 0, 180, 0, 0, 0, 180, 0, 0, 0, 180, 0]
[31.5, 0, 351.0, 0, 0.0, 0, 180, 0, 0.0, 0, 180, 0, 0, 0, 180, 0, 0, 0, 180, 0]
[31.5, 0, 346.5, 0, 0.0, 0, 180, 0, 0.0, 0, 180, 0, 0, 0, 180, 0, 0, 0, 180, 0]
[31.5, 0, 342.0, 0, 0.0, 0, 180, 0, 0.0, 0, 180, 0, 0, 0, 180, 0, 0, 0, 180, 0]
[31.5, 0, 337.5, 0, 0.0, 0, 180, 0, 0.0, 0, 180, 0, 0, 0, 180, 0, 0, 0, 180, 0]
[36.0, 0, 333.0, 0, 0.0, 0, 180, 0, 0.0, 0, 180, 0, 0, 0, 180, 0, 0, 0, 180, 0]
[40.5, 0, 328.5, 0, 0.0, 0, 180, 0, 0.0, 0, 180, 0, 0, 0, 180, 0, 0, 0, 180, 0]
[45.0, 0, 324.0, 0, 0.0, 0, 180, 0, 0.0, 0, 180, 0, 0, 0, 180, 0, 0, 0, 180, 0]
[49.5, 0, 324.0, 0, 0.0, 0, 180, 0, 0.0, 0, 180, 0, 0, 0, 180, 0, 0, 0, 180, 0]
[54.0, 0, 319.5, 0, 0.0, 0, 180, 0, 0.0, 0, 180, 0, 0, 0, 180, 0, 0, 0, 180, 0]
[58.5, 0, 315.0, 0, 0.0, 0, 180, 0, 0.0, 0, 180, 0, 0, 0, 180, 0, 0, 0, 180, 0]
[63.0, 0, 310.5, 0, 0.0, 0, 180, 0, 0.0, 0, 180, 0, 0, 0, 180, 0, 0, 0, 180, 0]
[63.0, 0, 306.0, 0, 0.0, 0, 180, 0, 0.0, 0, 180, 0, 0, 0, 180, 0, 0, 0, 180, 0]
[67.5, 0, 301.5, 0, 0.0, 0, 180, 0, 0.0, 0, 180, 0, 0, 0, 180, 0, 0, 0, 180, 0]
[72.0, 0, 297.0, 0, 0.0, 0, 180, 0, 0.0, 0, 180, 0, 0, 0, 180, 0, 0, 0, 180, 0]
[76.5, 0, 292.5, 0, 0.0, 0, 180, 0, 0.0, 0, 180, 0, 0, 0, 180, 0, 0, 0, 180, 0]
[81.0, 0, 292.5, 0, 0.0, 0, 180, 0, 0.0, 0, 180, 0, 0, 0, 180, 0, 0, 0, 180, 0]
[85.5, 0, 288.0, 0, 0.0, 0, 180, 0, 0.0, 0, 180, 0, 0, 0, 180, 0, 0, 0, 180, 0]
[81.0, 0, 283.5, 0, 0.0, 0, 180, 0, 0.0, 0, 180, 0, 0, 0, 180, 0, 0, 0, 180, 0]
[85.5, 0, 279.0, 0, 0.0, 0, 180, 0, 0.0, 0, 180, 0, 0, 0, 180, 0, 0, 0, 180, 0]
[85.5, 0, 274.5, 0, 0.0, 0, 180, 0, 0.0, 0, 180, 0, 0, 0, 180, 0, 0, 0, 180, 0]
[90.0, 0, 270.0, 0, 0.0, 0, 180, 0, 0.0, 0, 180, 0, 0, 0, 180, 0, 0, 0, 180, 0]
[94.5, 0, 265.5, 0, 0.0, 0, 180, 0, 0.0, 0, 180, 0, 0, 0, 180, 0, 0, 0, 180, 0]
[99.0, 0, 265.5, 0, 0.0, 0, 180, 0, 0.0, 0, 180, 0, 0, 0, 180, 0, 0, 0, 180, 0]
[103.5, 0, 261.0, 0, 0.0, 0, 180, 0, 0.0, 0, 180, 0, 0, 0, 180, 0, 0, 0, 180, 0]
[108.0, 0, 256.5, 0, 0.0, 0, 180, 0, 0.0, 0, 180, 0, 0, 0, 180, 0, 0, 0, 180, 0]
[112.5, 0, 252.0, 0, 0.0, 0, 180, 0, 0.0, 0, 180, 0, 0, 0, 180, 0, 0, 0, 180, 0]
[117.0, 0, 247.5, 0, 0.0, 0, 180, 0, 0.0, 0, 180, 0, 0, 0, 180, 0, 0, 0, 180, 0]
[121.5, 0, 243.0, 0, 0.0, 0, 180, 0, 0.0, 0, 180, 0, 351.3, 0, 180, 0, 351.3, 0, 180, 0]
[126.0, 0, 238.5, 0, 0.0, 0, 180, 0, 0.0, 0, 180, 0, 0.0, 0, 180, 0, 0.0, 0, 180, 0]
[130.5, 0, 234.0, 0, 0.0, 0, 180, 0, 0.0, 0, 180, 0, 0.0, 0, 180, 0, 0.0, 0, 180, 0]
[135.0, 0, 234.0, 0, 0.0, 0, 180, 0, 0.0, 0, 180, 0, 0.0, 0, 180, 0, 0.0, 0, 180, 0]
[139.5, 0, 229.5, 0, 0.0, 0, 180, 0, 0.0, 0, 180, 0, 0.0, 0, 180, 0, 0.0, 0, 180, 0]
[144.0, 0, 225.0, 0, 0.0, 0, 180, 0, 0.0, 0, 180, 0, 0.0, 0, 180, 0, 0.0, 0, 180, 0]
[148.5, 0, 220.5, 0, 0.0, 0, 180, 0, 0.0, 0, 180, 0, 0.0, 0, 180, 0, 0.0, 0, 180, 0]
[153.0, 0, 216.0, 0, 0.0, 0, 180, 0, 0.0, 0, 180, 0, 0.0, 0, 180, 0, 0.0, 0, 180, 0]
[157.5, 0, 211.5, 0, 0.0, 0, 180, 0, 0.0, 0, 180, 0, 0.0, 0, 180, 0, 0.0, 0, 180, 0]
[153.0, 0, 207.0, 0, 0.0, 0, 180, 0, 0.0, 0, 180, 0, 0.0, 0, 180, 0, 0.0, 0, 180, 0]
[153.0, 0, 202.5, 0, 0.0, 0, 180, 0, 0.0, 0, 180, 0, 0.0, 0, 180, 0, 0.0, 0, 180, 0]
[157.5, 0, 202.5, 0, 0.0, 0, 180, 0, 0.0, 0, 180, 0, 0.0, 0, 180, 0, 0.0, 0, 180, 0]
[162.0, 0, 198.0, 0, 0.0, 0, 180, 0, 0.0, 0, 180, 0, 0.0, 0, 180, 0, 0.0, 0, 180, 0]
[166.5, 0, 193.5, 0, 0.0, 0, 180, 0, 0.0, 0, 180, 0, 0.0, 0, 180, 0, 0.0, 0, 180, 0]
[171.0, 0, 189.0, 0, 0.0, 0, 180, 0, 0.0, 0, 180, 0, 0.0, 0, 180, 0, 0.0, 0, 180, 0]
[175.5, 0, 184.5, 0, 0.0, 0, 180, 0, 0.0, 0, 180, 0, 0.0, 0, 180, 0, 0.0, 0, 180, 0]
[171.0, 0, 189.0, 0, 8.7, 0, 180, 0, 8.7, 0, 180, 0, 0.0, 0, 171.3, 0, 0.0, 0, 171.3, 0]
[166.5, 0, 193.5, 0, 17.4, 0, 188.7, 0, 17.4, 0, 188.7, 0, 351.3, 0, 162.60000000000002, 0, 351.3, 0, 162.60000000000002, 0]
[162.0, 0, 198.0, 0, 26.099999999999998, 0, 197.39999999999998, 0, 26.099999999999998, 0, 197.39999999999998, 0, 342.6, 0, 153.90000000000003, 0, 342.6, 0, 153.90000000000003, 0]
[157.5, 0, 202.5, 0, 34.8, 0, 206.09999999999997, 0, 34.8, 0, 206.09999999999997, 0, 351.3, 0, 162.60000000000002, 0, 351.3, 0, 162.60000000000002, 0]
[153.0, 0, 207.0, 0, 26.099999999999998, 0, 197.39999999999998, 0, 26.099999999999998, 0, 197.39999999999998, 0, 0.0, 0, 171.3, 0, 0.0, 0, 171.3, 0]
[148.5, 0, 211.5, 0, 17.4, 0, 188.7, 0, 17.4, 0, 188.7, 0, 0.0, 0, 180.0, 0, 0.0, 0, 180.0, 0]
[144.0, 0, 216.0, 0, 8.7, 0, 180.0, 0, 8.7, 0, 180.0, 0, 0.0, 0, 180.0, 0, 0.0, 0, 180.0, 0]
[139.5, 0, 220.5, 0, 0.0, 0, 188.7, 0, 0.0, 0, 188.7, 0, 351.3, 0, 180.0, 0, 351.3, 0, 180.0, 0]
[135.0, 0, 225.0, 0, 0.0, 0, 180.0, 0, 0.0, 0, 180.0, 0, 0.0, 0, 180.0, 0, 0.0, 0, 180.0, 0]
[130.5, 0, 229.5, 0, 0.0, 0, 188.7, 0, 0.0, 0, 188.7, 0, 0.0, 0, 180.0, 0, 0.0, 0, 180.0, 0]
[126.0, 0, 234.0, 0, 0.0, 0, 180.0, 0, 0.0, 0, 180.0, 0, 351.3, 0, 180.0, 0, 351.3, 0, 180.0, 0]
[121.5, 0, 238.5, 0, 8.7, 0, 171.3, 0, 8.7, 0, 171.3, 0, 342.6, 0, 188.7, 0, 342.6, 0, 188.7, 0]
[117.0, 0, 243.0, 0, 0.0, 0, 180.0, 0, 0.0, 0, 180.0, 0, 351.3, 0, 188.7, 0, 351.3, 0, 188.7, 0]
[112.5, 0, 247.5, 0, 0.0, 0, 180.0, 0, 0.0, 0, 180.0, 0, 0.0, 0, 180.0, 0, 0.0, 0, 180.0, 0]
[108.0, 0, 252.0, 0, 0.0, 0, 180.0, 0, 0.0, 0, 180.0, 0, 0.0, 0, 180.0, 0, 0.0, 0, 180.0, 0]
[103.5, 0, 256.5, 0, 0.0, 0, 180.0, 0, 0.0, 0, 180.0, 0, 0.0, 0, 180.0, 0, 0.0, 0, 180.0, 0]
[99.0, 0, 261.0, 0, 0.0, 0, 180.0, 0, 0.0, 0, 180.0, 0, 0.0, 0, 180.0, 0, 0.0, 0, 180.0, 0]
[94.5, 0, 265.5, 0, 0.0, 0, 180.0, 0, 0.0, 0, 180.0, 0, 8.7, 0, 180.0, 0, 8.7, 0, 180.0, 0]
[90.0, 0, 270.0, 0, 0.0, 0, 180.0, 0, 0.0, 0, 180.0, 0, 0.0, 0, 180.0, 0, 0.0, 0, 180.0, 0]
[85.5, 0, 274.5, 0, 0.0, 0, 180.0, 0, 0.0, 0, 180.0, 0, 0.0, 0, 180.0, 0, 0.0, 0, 180.0, 0]
[81.0, 0, 279.0, 0, 8.7, 0, 180.0, 0, 8.7, 0, 180.0, 0, 0.0, 0, 180.0, 0, 0.0, 0, 180.0, 0]
[76.5, 0, 283.5, 0, 0.0, 0, 180.0, 0, 0.0, 0, 180.0, 0, 8.7, 0, 180.0, 0, 8.7, 0, 180.0, 0]
[72.0, 0, 288.0, 0, 351.3, 0, 171.3, 0, 351.3, 0, 171.3, 0, 17.4, 0, 188.7, 0, 17.4, 0, 188.7, 0]
[67.5, 0, 292.5, 0, 342.6, 0, 162.60000000000002, 0, 342.6, 0, 162.60000000000002, 0, 17.4, 0, 197.39999999999998, 0, 17.4, 0, 197.39999999999998, 0]
[63.0, 0, 297.0, 0, 351.3, 0, 171.3, 0, 351.3, 0, 171.3, 0, 8.7, 0, 188.7, 0, 8.7, 0, 188.7, 0]
[58.5, 0, 301.5, 0, 0.0, 0, 162.60000000000002, 0, 0.0, 0, 162.60000000000002, 0, 8.7, 0, 180.0, 0, 8.7, 0, 180.0, 0]
[54.0, 0, 306.0, 0, 8.7, 0, 171.3, 0, 8.7, 0, 171.3, 0, 8.7, 0, 180.0, 0, 8.7, 0, 180.0, 0]
[49.5, 0, 310.5, 0, 0.0, 0, 180.0, 0, 0.0, 0, 180.0, 0, 0.0, 0, 180.0, 0, 0.0, 0, 180.0, 0]
[45.0, 0, 315.0, 0, 351.3, 0, 180.0, 0, 351.3, 0, 180.0, 0, 351.3, 0, 180.0, 0, 351.3, 0, 180.0, 0]
[40.5, 0, 319.5, 0, 0.0, 0, 180.0, 0, 0.0, 0, 180.0, 0, 0.0, 0, 180.0, 0, 0.0, 0, 180.0, 0]
[36.0, 0, 324.0, 0, 0.0, 0, 171.3, 0, 0.0, 0, 171.3, 0, 351.3, 0, 180.0, 0, 351.3, 0, 180.0, 0]
[31.5, 0, 328.5, 0, 0.0, 0, 180.0, 0, 0.0, 0, 180.0, 0, 0.0, 0, 180.0, 0, 0.0, 0, 180.0, 0]
[27.0, 0, 333.0, 0, 351.3, 0, 171.3, 0, 351.3, 0, 171.3, 0, 8.7, 0, 188.7, 0, 8.7, 0, 188.7, 0]
[22.5, 0, 337.5, 0, 351.3, 0, 180.0, 0, 351.3, 0, 180.0, 0, 0.0, 0, 188.7, 0, 0.0, 0, 188.7, 0]
[18.0, 0, 342.0, 0, 0.0, 0, 180.0, 0, 0.0, 0, 180.0, 0, 0.0, 0, 180.0, 0, 0.0, 0, 180.0, 0]
[13.5, 0, 346.5, 0, 0.0, 0, 180.0, 0, 0.0, 0, 180.0, 0, 0.0, 0, 180.0, 0, 0.0, 0, 180.0, 0]
[9.0, 0, 351.0, 0, 0.0, 0, 180.0, 0, 0.0, 0, 180.0, 0, 0.0, 0, 180.0, 0, 0.0, 0, 180.0, 0]
[4.5, 0, 355.5, 0, 0.0, 0, 180.0, 0, 0.0, 0, 180.0, 0, 0.0, 0, 180.0, 0, 0.0, 0, 180.0, 0]
-72.0
[0, 0, 0, 0, 180, 0, 0, 0, 180, 0, 0, 0, 180, 0, 0, 0, 180, 0, 0, 0]
[0, 0, 355.5, 0, 180, 0, 351.3, 0, 180, 0, 351.3, 0, 180, 0, 0, 0, 180, 0, 0, 0]
[0, 0, 351.0, 0, 180, 0, 351.3, 0, 180, 0, 351.3, 0, 180, 0, 0, 0, 180, 0, 0, 0]
[0, 0, 346.5, 0, 180, 0, 0.0, 0, 180, 0, 0.0, 0, 180, 0, 0, 0, 180, 0, 0, 0]
[0, 0, 346.5, 0, 180, 0, 0.0, 0, 180, 0, 0.0, 0, 180, 0, 0, 0, 180, 0, 0, 0]
[0, 0, 346.5, 0, 180, 0, 0.0, 0, 180, 0, 0.0, 0, 180, 0, 0, 0, 180, 0, 0, 0]
[0, 0, 346.5, 0, 180, 0, 0.0, 0, 180, 0, 0.0, 0, 180, 0, 0, 0, 180, 0, 0, 0]
[4.5, 0, 346.5, 0, 180, 0, 0.0, 0, 180, 0, 0.0, 0, 180, 0, 0, 0, 180, 0, 0, 0]
[9.0, 0, 346.5, 0, 180, 0, 0.0, 0, 180, 0, 0.0, 0, 180, 0, 0, 0, 180, 0, 0, 0]
[13.5, 0, 346.5, 0, 180, 0, 0.0, 0, 180, 0, 0.0, 0, 180, 0, 0, 0, 180, 0, 0, 0]
[18.0, 0, 342.0, 0, 180, 0, 0.0, 0, 180, 0, 0.0, 0, 180, 0, 0, 0, 180, 0, 0, 0]
[22.5, 0, 337.5, 0, 180, 0, 0.0, 0, 180, 0, 0.0, 0, 180, 0, 0, 0, 180, 0, 0, 0]
[27.0, 0, 333.0, 0, 180, 0, 0.0, 0, 180, 0, 0.0, 0, 180, 0, 0, 0, 180, 0, 0, 0]
[31.5, 0, 328.5, 0, 180, 0, 0.0, 0, 180, 0, 0.0, 0, 180, 0, 0, 0, 180, 0, 0, 0]
[31.5, 0, 328.5, 0, 180, 0, 0.0, 0, 180, 0, 0.0, 0, 180, 0, 0, 0, 180, 0, 0, 0]
[36.0, 0, 324.0, 0, 180, 0, 0.0, 0, 180, 0, 0.0, 0, 180, 0, 0, 0, 180, 0, 0, 0]
[40.5, 0, 319.5, 0, 180, 0, 0.0, 0, 180, 0, 0.0, 0, 180, 0, 0, 0, 180, 0, 0, 0]
[45.0, 0, 315.0, 0, 180, 0, 0.0, 0, 180, 0, 0.0, 0, 180, 0, 0, 0, 180, 0, 0, 0]
[49.5, 0, 310.5, 0, 180, 0, 0.0, 0, 180, 0, 0.0, 0, 180, 0, 0, 0, 180, 0, 0, 0]
[54.0, 0, 306.0, 0, 180, 0, 0.0, 0, 180, 0, 0.0, 0, 180, 0, 0, 0, 180, 0, 0, 0]
[58.5, 0, 301.5, 0, 180, 0, 0.0, 0, 180, 0, 0.0, 0, 180, 0, 0, 0, 180, 0, 0, 0]
[63.0, 0, 297.0, 0, 180, 0, 0.0, 0, 180, 0, 0.0, 0, 180, 0, 0, 0, 180, 0, 0, 0]
[63.0, 0, 292.5, 0, 180, 0, 0.0, 0, 180, 0, 0.0, 0, 180, 0, 0, 0, 180, 0, 0, 0]
[67.5, 0, 288.0, 0, 180, 0, 0.0, 0, 180, 0, 0.0, 0, 180, 0, 0, 0, 180, 0, 0, 0]
[72.0, 0, 288.0, 0, 180, 0, 0.0, 0, 180, 0, 0.0, 0, 180, 0, 0, 0, 180, 0, 0, 0]
[76.5, 0, 283.5, 0, 180, 0, 0.0, 0, 180, 0, 0.0, 0, 180, 0, 0, 0, 180, 0, 0, 0]
[81.0, 0, 279.0, 0, 180, 0, 0.0, 0, 180, 0, 0.0, 0, 180, 0, 0, 0, 180, 0, 0, 0]
[85.5, 0, 274.5, 0, 180, 0, 0.0, 0, 180, 0, 0.0, 0, 180, 0, 0, 0, 180, 0, 0, 0]
[90.0, 0, 270.0, 0, 180, 0, 0.0, 0, 180, 0, 0.0, 0, 180, 0, 0, 0, 180, 0, 0, 0]
[90.0, 0, 270.0, 0, 180, 0, 0.0, 0, 180, 0, 0.0, 0, 180, 0, 0, 0, 180, 0, 0, 0]
[94.5, 0, 265.5, 0, 180, 0, 0.0, 0, 180, 0, 0.0, 0, 180, 0, 0, 0, 180, 0, 0, 0]
[99.0, 0, 261.0, 0, 180, 0, 0.0, 0, 180, 0, 0.0, 0, 180, 0, 0, 0, 180, 0, 0, 0]
[103.5, 0, 256.5, 0, 180, 0, 0.0, 0, 180, 0, 0.0, 0, 180, 0, 0, 0, 180, 0, 0, 0]
[108.0, 0, 252.0, 0, 180, 0, 0.0, 0, 180, 0, 0.0, 0, 180, 0, 0, 0, 180, 0, 0, 0]
[112.5, 0, 247.5, 0, 180, 0, 0.0, 0, 180, 0, 0.0, 0, 180, 0, 0, 0, 180, 0, 0, 0]
[117.0, 0, 243.0, 0, 180, 0, 0.0, 0, 180, 0, 0.0, 0, 180, 0, 0, 0, 180, 0, 0, 0]
[121.5, 0, 243.0, 0, 180, 0, 0.0, 0, 180, 0, 0.0, 0, 180, 0, 0, 0, 180, 0, 0, 0]
[121.5, 0, 238.5, 0, 180, 0, 0.0, 0, 180, 0, 0.0, 0, 180, 0, 0, 0, 180, 0, 0, 0]
[126.0, 0, 234.0, 0, 180, 0, 0.0, 0, 180, 0, 0.0, 0, 180, 0, 0, 0, 180, 0, 0, 0]
[130.5, 0, 229.5, 0, 180, 0, 0.0, 0, 180, 0, 0.0, 0, 180, 0, 0, 0, 180, 0, 0, 0]
[135.0, 0, 225.0, 0, 180, 0, 0.0, 0, 180, 0, 0.0, 0, 180, 0, 0, 0, 180, 0, 0, 0]
[139.5, 0, 220.5, 0, 180, 0, 0.0, 0, 180, 0, 0.0, 0, 180, 0, 0, 0, 180, 0, 0, 0]
[144.0, 0, 216.0, 0, 180, 0, 0.0, 0, 180, 0, 0.0, 0, 180, 0, 0, 0, 180, 0, 0, 0]
[148.5, 0, 216.0, 0, 180, 0, 0.0, 0, 180, 0, 0.0, 0, 180, 0, 0, 0, 180, 0, 0, 0]
[153.0, 0, 211.5, 0, 180, 0, 0.0, 0, 180, 0, 0.0, 0, 180, 0, 0, 0, 180, 0, 0, 0]
[153.0, 0, 207.0, 0, 180, 0, 0.0, 0, 180, 0, 0.0, 0, 180, 0, 0, 0, 180, 0, 0, 0]
[157.5, 0, 202.5, 0, 180, 0, 0.0, 0, 180, 0, 0.0, 0, 180, 0, 0, 0, 180, 0, 0, 0]
[162.0, 0, 198.0, 0, 180, 0, 0.0, 0, 180, 0, 0.0, 0, 180, 0, 0, 0, 180, 0, 0, 0]
[166.5, 0, 193.5, 0, 180, 0, 0.0, 0, 180, 0, 0.0, 0, 180, 0, 0, 0, 180, 0, 0, 0]
[171.0, 0, 189.0, 0, 180, 0, 0.0, 0, 180, 0, 0.0, 0, 180, 0, 0, 0, 180, 0, 0, 0]
[175.5, 0, 189.0, 0, 180, 0, 0.0, 0, 180, 0, 0.0, 0, 180, 0, 0, 0, 180, 0, 0, 0]
[180.0, 0, 184.5, 0, 180, 0, 0.0, 0, 180, 0, 0.0, 0, 180, 0, 0, 0, 180, 0, 0, 0]
[180.0, 0, 180.0, 0, 180, 0, 0.0, 0, 180, 0, 0.0, 0, 180, 0, 0, 0, 180, 0, 0, 0]
[184.5, 0, 175.5, 0, 180, 0, 0.0, 0, 180, 0, 0.0, 0, 180, 0, 0, 0, 180, 0, 0, 0]
[189.0, 0, 171.0, 0, 180, 0, 0.0, 0, 180, 0, 0.0, 0, 180, 0, 0, 0, 180, 0, 0, 0]
[193.5, 0, 166.5, 0, 180, 0, 0.0, 0, 180, 0, 0.0, 0, 180, 0, 0, 0, 180, 0, 0, 0]
[198.0, 0, 162.0, 0, 180, 0, 0.0, 0, 180, 0, 0.0, 0, 180, 0, 0, 0, 180, 0, 0, 0]
[202.5, 0, 157.5, 0, 180, 0, 0.0, 0, 180, 0, 0.0, 0, 180, 0, 0, 0, 180, 0, 0, 0]
[207.0, 0, 153.0, 0, 180, 0, 0.0, 0, 180, 0, 0.0, 0, 180, 0, 8.7, 0, 180, 0, 8.7, 0]
[211.5, 0, 148.5, 0, 180, 0, 0.0, 0, 180, 0, 0.0, 0, 180, 0, 8.7, 0, 180, 0, 8.7, 0]
[216.0, 0, 144.0, 0, 180, 0, 0.0, 0, 180, 0, 0.0, 0, 180, 0, 8.7, 0, 180, 0, 8.7, 0]
[220.5, 0, 139.5, 0, 180, 0, 0.0, 0, 180, 0, 0.0, 0, 180, 0, 8.7, 0, 180, 0, 8.7, 0]
[225.0, 0, 135.0, 0, 180, 0, 0.0, 0, 180, 0, 0.0, 0, 180, 0, 8.7, 0, 180, 0, 8.7, 0]
[229.5, 0, 130.5, 0, 180, 0, 0.0, 0, 180, 0, 0.0, 0, 180, 0, 8.7, 0, 180, 0, 8.7, 0]
[234.0, 0, 126.0, 0, 180, 0, 0.0, 0, 180, 0, 0.0, 0, 180, 0, 8.7, 0, 180, 0, 8.7, 0]
[238.5, 0, 121.5, 0, 180, 0, 0.0, 0, 180, 0, 0.0, 0, 180, 0, 8.7, 0, 180, 0, 8.7, 0]
[243.0, 0, 117.0, 0, 180, 0, 0.0, 0, 180, 0, 0.0, 0, 180, 0, 0.0, 0, 180, 0, 0.0, 0]
[247.5, 0, 112.5, 0, 180, 0, 0.0, 0, 180, 0, 0.0, 0, 180, 0, 0.0, 0, 180, 0, 0.0, 0]
[252.0, 0, 108.0, 0, 180, 0, 0.0, 0, 180, 0, 0.0, 0, 180, 0, 0.0, 0, 180, 0, 0.0, 0]
[256.5, 0, 103.5, 0, 180, 0, 0.0, 0, 180, 0, 0.0, 0, 180, 0, 0.0, 0, 180, 0, 0.0, 0]
[261.0, 0, 99.0, 0, 180, 0, 0.0, 0, 180, 0, 0.0, 0, 180, 0, 0.0, 0, 180, 0, 0.0, 0]
[265.5, 0, 94.5, 0, 180, 0, 0.0, 0, 180, 0, 0.0, 0, 180, 0, 0.0, 0, 180, 0, 0.0, 0]
[270.0, 0, 90.0, 0, 180, 0, 0.0, 0, 180, 0, 0.0, 0, 180, 0, 0.0, 0, 180, 0, 0.0, 0]
[274.5, 0, 85.5, 0, 180, 0, 0.0, 0, 180, 0, 0.0, 0, 180, 0, 0.0, 0, 180, 0, 0.0, 0]
[279.0, 0, 81.0, 0, 180, 0, 0.0, 0, 180, 0, 0.0, 0, 180, 0, 351.3, 0, 180, 0, 351.3, 0]
[283.5, 0, 76.5, 0, 180, 0, 0.0, 0, 180, 0, 0.0, 0, 180, 0, 351.3, 0, 180, 0, 351.3, 0]
[288.0, 0, 72.0, 0, 180, 0, 0.0, 0, 180, 0, 0.0, 0, 180, 0, 351.3, 0, 180, 0, 351.3, 0]
[292.5, 0, 67.5, 0, 180, 0, 0.0, 0, 180, 0, 0.0, 0, 180, 0, 351.3, 0, 180, 0, 351.3, 0]
[297.0, 0, 63.0, 0, 180, 0, 351.3, 0, 180, 0, 351.3, 0, 180, 0, 351.3, 0, 180, 0, 351.3, 0]
[301.5, 0, 58.5, 0, 180, 0, 351.3, 0, 180, 0, 351.3, 0, 180, 0, 351.3, 0, 180, 0, 351.3, 0]
[306.0, 0, 54.0, 0, 180, 0, 351.3, 0, 180, 0, 351.3, 0, 180, 0, 351.3, 0, 180, 0, 351.3, 0]
[310.5, 0, 49.5, 0, 180, 0, 351.3, 0, 180, 0, 351.3, 0, 180, 0, 351.3, 0, 180, 0, 351.3, 0]
[315.0, 0, 45.0, 0, 180, 0, 351.3, 0, 180, 0, 351.3, 0, 180, 0, 351.3, 0, 180, 0, 351.3, 0]
[319.5, 0, 40.5, 0, 180, 0, 342.6, 0, 180, 0, 342.6, 0, 180, 0, 351.3, 0, 180, 0, 351.3, 0]
[324.0, 0, 36.0, 0, 180, 0, 351.3, 0, 180, 0, 351.3, 0, 180, 0, 0.0, 0, 180, 0, 0.0, 0]
[328.5, 0, 31.5, 0, 180, 0, 351.3, 0, 180, 0, 351.3, 0, 180, 0, 0.0, 0, 180, 0, 0.0, 0]
[333.0, 0, 27.0, 0, 180, 0, 351.3, 0, 180, 0, 351.3, 0, 180, 0, 0.0, 0, 180, 0, 0.0, 0]
[337.5, 0, 22.5, 0, 180, 0, 351.3, 0, 180, 0, 351.3, 0, 180, 0, 0.0, 0, 180, 0, 0.0, 0]
[342.0, 0, 18.0, 0, 180, 0, 351.3, 0, 180, 0, 351.3, 0, 180, 0, 0.0, 0, 180, 0, 0.0, 0]
[346.5, 0, 13.5, 0, 180, 0, 351.3, 0, 180, 0, 351.3, 0, 180, 0, 0.0, 0, 180, 0, 0.0, 0]
[351.0, 0, 9.0, 0, 180, 0, 0.0, 0, 180, 0, 0.0, 0, 180, 0, 0.0, 0, 180, 0, 0.0, 0]
[355.5, 0, 4.5, 0, 180, 0, 0.0, 0, 180, 0, 0.0, 0, 180, 0, 0.0, 0, 180, 0, 0.0, 0]
