0.00,0.00,17.99,162.22,342.04,197.78,342.22,197.99,17.78,162.01
3.52,356.40,17.99,162.02,342.02,197.98,342.02,197.99,17.98,162.01
3.03,352.52,17.95,162.02,342.07,197.98,342.04,197.99,17.96,162.01
2.70,348.61,17.80,162.02,343.43,197.98,342.19,197.99,17.81,162.01
8.60,344.69,17.86,162.02,342.17,197.98,342.15,197.99,17.85,162.01
27.58,340.78,18.41,162.02,341.43,197.98,342.14,197.99,17.86,162.01
28.15,336.87,18.70,162.02,341.43,197.98,342.08,197.99,17.92,162.01
28.20,332.95,18.73,162.02,341.14,197.98,342.02,197.99,17.98,162.01
28.32,329.04,18.77,162.02,341.27,197.98,342.02,197.99,17.98,162.01
28.72,325.13,18.93,162.02,341.10,197.98,342.09,197.99,17.91,162.01
28.49,321.21,18.86,162.02,341.19,197.98,342.27,197.99,17.73,162.01
28.69,317.30,18.86,162.02,341.42,197.98,342.50,197.99,17.50,162.01
32.78,313.39,17.97,162.02,341.43,197.98,342.50,197.99,17.50,162.01
37.94,309.48,18.79,162.02,341.29,197.98,342.45,197.99,17.55,162.01
39.05,306.85,17.51,162.02,342.19,197.98,342.46,197.98,17.39,162.02
43.19,302.70,17.43,162.02,341.31,197.98,342.59,197.98,17.39,162.02
47.23,298.67,17.56,162.02,341.93,197.98,342.59,197.99,17.41,162.01
55.51,293.90,17.55,162.02,341.93,197.98,342.33,197.99,17.67,162.01
55.87,290.04,17.23,162.02,342.43,197.98,342.52,197.99,17.48,162.01
59.42,286.49,17.12,162.02,342.52,197.98,342.58,197.99,17.42,162.01
62.62,283.28,17.08,162.02,342.47,197.98,342.61,197.98,17.39,162.02
66.51,279.39,17.85,162.02,342.38,197.98,342.61,197.98,17.39,162.02
71.63,274.36,17.50,162.02,341.77,197.98,342.56,197.99,17.44,162.01
81.87,270.35,17.98,162.02,341.95,197.98,342.19,197.99,17.81,162.01
81.90,266.43,17.64,162.02,341.76,197.98,342.35,197.99,17.65,162.01
83.07,262.83,16.86,162.02,341.75,197.98,342.54,197.99,17.46,162.01
86.63,259.27,16.56,162.02,342.57,197.98,342.56,197.99,17.44,162.01
92.00,254.75,17.00,162.02,342.03,197.98,342.50,197.99,17.50,162.01
94.93,250.98,16.55,162.02,342.05,197.98,342.53,197.99,17.47,162.01
98.76,247.15,16.73,162.02,342.13,197.98,342.55,197.99,17.45,162.01
101.95,243.95,16.63,162.02,342.14,197.98,342.59,197.98,17.41,162.02
107.76,239.12,17.52,162.02,342.07,197.98,342.49,197.99,17.51,162.01
109.62,236.28,17.38,162.02,342.53,197.98,342.49,197.98,17.39,162.02
115.27,231.31,17.50,162.02,342.50,197.98,342.28,197.99,17.49,162.01
120.15,227.31,17.48,162.02,342.02,197.98,341.57,197.99,17.55,162.01
126.68,223.39,18.37,162.02,342.08,197.98,340.53,197.99,17.71,162.01
126.40,219.51,18.06,162.02,341.98,197.98,340.72,197.99,17.49,162.01
133.18,215.57,18.00,162.02,341.99,197.98,340.82,197.99,17.63,162.01
134.54,211.65,17.79,162.02,341.87,197.98,340.92,197.99,17.51,162.01
141.51,207.74,17.67,162.02,341.78,197.98,342.29,197.99,17.66,162.01
143.77,203.82,17.31,162.02,342.35,197.98,342.40,197.99,17.60,162.01
147.57,199.91,17.29,162.02,342.41,197.98,342.40,197.99,17.60,162.01
149.18,196.72,16.93,162.02,341.80,197.98,342.57,197.99,17.43,162.01
153.31,192.59,18.69,162.02,341.74,197.98,342.59,197.99,17.41,162.01
159.45,188.21,17.69,162.02,341.35,197.98,342.44,197.99,17.56,162.01
160.88,185.01,17.69,162.02,342.00,197.98,342.58,197.99,17.42,162.01
164.93,180.97,16.99,162.02,342.03,197.98,342.58,197.99,17.42,162.01
168.24,177.65,20.12,162.02,341.71,197.98,342.34,197.99,17.39,162.01
169.67,176.26,26.41,162.05,348.16,197.95,342.66,197.95,20.15,162.05
178.30,168.99,20.71,162.02,341.12,197.98,342.50,197.99,17.76,162.01
178.09,167.83,26.23,162.02,347.11,197.98,342.68,197.97,17.71,162.03
177.46,168.61,32.76,162.17,354.02,197.84,343.22,197.82,16.88,162.18
178.36,167.93,39.28,162.36,357.82,197.68,343.56,197.68,14.44,162.32
182.98,163.24,35.59,162.35,357.04,197.69,343.55,197.71,14.73,162.29
186.73,159.48,35.77,162.35,357.23,197.69,343.55,197.70,14.60,162.30
188.30,158.16,37.92,162.49,359.97,197.58,343.69,197.56,15.45,162.44
196.75,149.33,33.63,162.22,354.40,197.79,343.30,197.81,14.25,162.19
195.87,150.62,38.28,162.49,0.15,197.57,342.58,197.54,16.72,162.46
196.38,149.06,40.43,162.35,4.09,197.89,342.29,197.35,20.51,162.68
224.78,130.82,19.05,161.99,342.44,198.02,342.30,197.98,20.72,162.02
232.75,125.67,18.03,162.01,342.35,197.99,342.03,197.99,18.07,162.01
233.18,121.66,18.04,162.01,342.20,197.99,342.06,197.99,18.39,162.01
232.71,117.74,17.88,162.01,342.28,197.99,341.92,197.99,17.89,162.01
234.78,113.82,17.99,162.01,342.43,197.99,341.99,197.99,17.93,162.01
235.85,110.14,16.97,162.01,342.48,197.99,341.84,197.99,17.85,162.01
246.55,106.02,17.71,162.01,341.73,197.99,341.16,197.99,18.04,162.01
251.05,102.09,17.98,162.01,342.12,197.99,342.00,197.99,18.06,162.01
266.45,98.17,17.96,162.01,342.06,197.99,341.94,197.99,17.98,162.01
266.13,94.26,17.99,162.01,342.02,197.99,341.98,197.99,17.98,162.01
264.80,90.34,17.70,162.01,342.05,197.99,342.04,197.99,17.95,162.01
265.07,86.43,17.91,162.01,342.18,197.99,343.38,197.99,17.82,162.01
271.42,82.52,17.79,162.01,341.84,197.99,342.62,197.99,17.87,162.01
271.65,78.61,17.75,162.01,342.25,197.99,342.28,197.99,17.76,162.01
272.49,74.69,17.57,162.01,342.43,197.99,343.04,197.99,17.58,162.01
280.85,70.78,18.07,162.01,340.28,197.99,350.17,197.99,17.78,162.01
281.58,66.87,17.94,162.01,340.94,197.99,349.48,197.99,17.66,162.01
282.39,63.51,17.75,162.01,346.02,197.99,349.38,197.99,17.43,162.01
284.14,61.75,14.58,162.01,349.64,197.99,350.00,197.98,17.42,162.02
285.27,60.66,9.40,162.08,353.30,197.92,350.35,197.91,17.01,162.09
284.91,61.38,3.33,162.22,356.84,197.80,344.60,197.77,15.26,162.23
287.94,58.32,2.16,162.36,358.15,197.69,345.71,197.67,14.83,162.33
293.45,52.63,4.04,162.31,356.51,197.72,346.65,197.74,14.79,162.26
301.46,44.49,10.10,162.10,350.85,197.90,344.73,197.92,16.75,162.08
301.57,44.54,4.52,162.26,355.61,197.77,343.86,197.77,14.85,162.23
306.91,39.14,6.02,162.17,353.64,197.83,343.16,197.84,13.59,162.16
308.84,37.42,3.86,162.23,355.25,197.79,338.00,197.77,15.10,162.23
310.80,35.56,1.34,162.41,357.72,197.64,339.07,197.63,14.78,162.37
313.00,33.57,359.46,162.55,359.68,197.52,339.18,197.51,16.11,162.49
319.81,26.50,2.94,162.34,356.04,197.70,337.22,197.71,15.06,162.29
333.05,12.96,17.40,162.03,348.27,197.97,340.66,197.98,17.38,162.02
359.07,8.24,17.87,162.02,342.14,197.98,342.10,197.99,17.86,162.01
0.35,4.26,17.94,162.02,342.32,197.98,342.07,197.99,17.93,162.01
