beta=72.0
yaw=0.0
{
{ 0.0000000,0.0000000,17.9886883,162.2241704,342.0447018,197.7758296,342.2241704,197.9886883,17.7758296,162.0113117},
{ 3.5216315,356.4048216,17.9886883,162.0230416,342.0170605,197.9769584,342.0231352,197.9883460,17.9768648,162.0116540},
{ 3.0328441,352.5169198,17.9523810,162.0230416,342.0715823,197.9769584,342.0361903,197.9883703,17.9638097,162.0116297},
{ 2.7024355,348.6059204,17.8004374,162.0230416,343.4305207,197.9769584,342.1881458,197.9883198,17.8118542,162.0116802},
{ 8.5980482,344.6930437,17.8631718,162.0230416,342.1672500,197.9769584,342.1481654,197.9883890,17.8518346,162.0116110},
{ 27.5801297,340.7800138,18.4090362,162.0230416,341.4270857,197.9769584,342.1418088,197.9883309,17.8581912,162.0116691},
{ 28.1452853,336.8669715,18.7036309,162.0230416,341.4295706,197.9769584,342.0786085,197.9882952,17.9213915,162.0117048},
{ 28.1975955,332.9539285,18.7293040,162.0230416,341.1361222,197.9769584,342.0244197,197.9883774,17.9755803,162.0116226},
{ 28.3158936,329.0408849,18.7739815,162.0230416,341.2651192,197.9769584,342.0244197,197.9883257,17.9755803,162.0116743},
{ 28.7212995,325.1278410,18.9328855,162.0230416,341.0953033,197.9769584,342.0853885,197.9882911,17.9146115,162.0117089},
{ 28.4930643,321.2147974,18.8581362,162.0230416,341.1904013,197.9769584,342.2670417,197.9883564,17.7329583,162.0116436},
{ 28.6856662,317.3017537,18.8581362,162.0230416,341.4243813,197.9769584,342.5046514,197.9883067,17.4953486,162.0116933},
{ 32.7780026,313.3887109,17.9696299,162.0230416,341.4319155,197.9769584,342.5046514,197.9883826,17.4953486,162.0116174},
{ 37.9358457,309.4756673,18.7881480,162.0230416,341.2914132,197.9769584,342.4509620,197.9883280,17.5490380,162.0116720},
{ 39.0539811,306.8455213,17.5057937,162.0230416,342.1885206,197.9769584,342.4558011,197.9838510,17.3888600,162.0161490},
{ 43.1928275,302.6984296,17.4264297,162.0249134,341.3081285,197.9750866,342.5928226,197.9836899,17.3888600,162.0163101},
{ 47.2267239,298.6691876,17.5601827,162.0249134,341.9303716,197.9750866,342.5899736,197.9859967,17.4099590,162.0140033},
{ 55.5090469,293.8994110,17.5483803,162.0231922,341.9256973,197.9768078,342.3334559,197.9881765,17.6665386,162.0118235},
{ 55.8700535,290.0385613,17.2319237,162.0231922,342.4275620,197.9768078,342.5205163,197.9881015,17.4794831,162.0118985},
{ 59.4166616,286.4868599,17.1182465,162.0231922,342.5212251,197.9768078,342.5795795,197.9868517,17.4204203,162.0131483},
{ 62.6176246,283.2827821,17.0814312,162.0231922,342.4725195,197.9768078,342.6064505,197.9825778,17.3935494,162.0174222},
{ 66.5106233,279.3892982,17.8539576,162.0234936,342.3837941,197.9765064,342.6074734,197.9823528,17.3925265,162.0176472},
{ 71.6265689,274.3574249,17.5002115,162.0232923,341.7701512,197.9767077,342.5577511,197.9880910,17.4422489,162.0119090},
{ 81.8685177,270.3533000,17.9849428,162.0230913,341.9453246,197.9769087,342.1922633,197.9883440,17.8077367,162.0116560},
{ 81.9041049,266.4328458,17.6429491,162.0230913,341.7560601,197.9769087,342.3464667,197.9883845,17.6535333,162.0116155},
{ 83.0670275,262.8312945,16.8639545,162.0230913,341.7476119,197.9769087,342.5356992,197.9878136,17.4643008,162.0121864},
{ 86.6334597,259.2688071,16.5559000,162.0230913,342.5731241,197.9769087,342.5628580,197.9860665,17.4371420,162.0139335},
{ 91.9954795,254.7469756,17.0027562,162.0230913,342.0287256,197.9769087,342.4999816,197.9881932,17.5000184,162.0118068},
{ 94.9275676,250.9771334,16.5523604,162.0230913,342.0477221,197.9769087,342.5261648,197.9878528,17.4738352,162.0121472},
{ 98.7557903,247.1480046,16.7292009,162.0230913,342.1335381,197.9769087,342.5470051,197.9876770,17.4529949,162.0123230},
{ 101.9488803,243.9482165,16.6293799,162.0230913,342.1433792,197.9769087,342.5874322,197.9842179,17.4125678,162.0157821},
{ 107.7594240,239.1217998,17.5249535,162.0230913,342.0734269,197.9769087,342.4860585,197.9881622,17.5139415,162.0118378},
{ 109.6243855,236.2763508,17.3763667,162.0230913,342.5338096,197.9769087,342.4860585,197.9828818,17.3874273,162.0171182},
{ 115.2715675,231.3082742,17.4975037,162.0230913,342.5039119,197.9769087,342.2772534,197.9881119,17.4864758,162.0118881},
{ 120.1520891,227.3093580,17.4815930,162.0230913,342.0198986,197.9769087,341.5687609,197.9882838,17.5517518,162.0117162},
{ 126.6833612,223.3893303,18.3686894,162.0230913,342.0820031,197.9769087,340.5344628,197.9883400,17.7089517,162.0116600},
{ 126.3971284,219.5106987,18.0647674,162.0230913,341.9822495,197.9769087,340.7249606,197.9882963,17.4868432,162.0117037},
{ 133.1832151,215.5654733,18.0015803,162.0230913,341.9884286,197.9769087,340.8239790,197.9883761,17.6326181,162.0116239},
{ 134.5380281,211.6498128,17.7869554,162.0230913,341.8670231,197.9769087,340.9190077,197.9883164,17.5098766,162.0116836},
{ 141.5123643,207.7365565,17.6718298,162.0230913,341.7792027,197.9769087,342.2926042,197.9883862,17.6618271,162.0116138},
{ 143.7700089,203.8234957,17.3053922,162.0230913,342.3496904,197.9769087,342.3971799,197.9883296,17.6026799,162.0116704},
{ 147.5665244,199.9104509,17.2863298,162.0230913,342.4117542,197.9769087,342.4011179,197.9882946,17.5988604,162.0117054},
{ 149.1798161,196.7167865,16.9279874,162.0230913,341.7978917,197.9769087,342.5662962,197.9857563,17.4337012,162.0142437},
{ 153.3075576,192.5918102,18.6868860,162.0230913,341.7376472,197.9769087,342.5949179,197.9867798,17.4050832,162.0132202},
{ 159.4504197,188.2126011,17.6902879,162.0230913,341.3519110,197.9769087,342.4372540,197.9882763,17.5627461,162.0117237},
{ 160.8818144,185.0145517,17.6903881,162.0230913,342.0005029,197.9769087,342.5788448,197.9856062,17.4211552,162.0143938},
{ 164.9321741,180.9655681,16.9935815,162.0230913,342.0256159,197.9769087,342.5788448,197.9864482,17.4211552,162.0135518},
{ 168.2444940,177.6488452,20.1244758,162.0230913,341.7093733,197.9769087,342.3412132,197.9853411,17.3939567,162.0146589},
{ 169.6698496,176.2587234,26.4099481,162.0471652,348.1617795,197.9528348,342.6601143,197.9483295,20.1530064,162.0516705},
{ 178.3028867,168.9944721,20.7069649,162.0241323,341.1151512,197.9758677,342.4951468,197.9872900,17.7617864,162.0127100},
{ 178.0913136,167.8297961,26.2340396,162.0241323,347.1082672,197.9758677,342.6815584,197.9677119,17.7144063,162.0322881},
{ 177.4611796,168.6092181,32.7599928,162.1718117,354.0239117,197.8381372,343.2232833,197.8249918,16.8810175,162.1750082},
{ 178.3642253,167.9343435,39.2756404,162.3578355,357.8170629,197.6811382,343.5558864,197.6778542,14.4362321,162.3221458},
{ 182.9767160,163.2375272,35.5860917,162.3519067,357.0440122,197.6878709,343.5452585,197.7065264,14.7267218,162.2934736},
{ 186.7328441,159.4762712,35.7655120,162.3518065,357.2324415,197.6878709,343.5486174,197.6954664,14.5981553,162.3045336},
{ 188.3031556,158.1591052,37.9150489,162.4873988,359.9746215,197.5755662,343.6881571,197.5588585,15.4519557,162.4411415},
{ 196.7520676,149.3250614,33.6346024,162.2179370,354.4003576,197.7939806,343.3000450,197.8053690,14.2501344,162.1946310},
{ 195.8730950,150.6225562,38.2789025,162.4949141,0.1470252,197.5661433,342.5837050,197.5414398,16.7174584,162.4585602},
{ 196.3776986,149.0583919,40.4278064,162.3512476,4.0900943,197.8902730,342.2878338,197.3480779,20.5088307,162.6797928},
{ 224.7762722,130.8241354,19.0465758,161.9851677,342.4406551,198.0153907,342.2978129,197.9812661,20.7182479,162.0187476},
{ 232.7545493,125.6720277,18.0270264,162.0077828,342.3456977,197.9925771,342.0322858,197.9880990,18.0669727,162.0119123},
{ 233.1812608,121.6582314,18.0375691,162.0077828,342.2015748,197.9925771,342.0551924,197.9883131,18.3863265,162.0116912},
{ 232.7060341,117.7370001,17.8780463,162.0077828,342.2848730,197.9925771,341.9220571,197.9883705,17.8890529,162.0116314},
{ 234.7780355,113.8232910,17.9931658,162.0077828,342.4284436,197.9925771,341.9895243,197.9883226,17.9257785,162.0116782},
{ 235.8473059,110.1421176,16.9655946,162.0077828,342.4837861,197.9925771,341.8425500,197.9877855,17.8533827,162.0122149},
{ 246.5517996,106.0160086,17.7098096,162.0084945,341.7272185,197.9914515,341.1631989,197.9883409,18.0406324,162.0116593},
{ 251.0537988,102.0856491,17.9842529,162.0084945,342.1183623,197.9914515,342.0016675,197.9883624,18.0643809,162.0116376},
{ 266.4511000,98.1711983,17.9644447,162.0084945,342.0617118,197.9914515,341.9358257,197.9883164,17.9773693,162.0116836},
{ 266.1326791,94.2580401,17.9877657,162.0084945,342.0153302,197.9914515,341.9761630,197.9883886,17.9773693,162.0116114},
{ 264.8017255,90.3449873,17.6961617,162.0084945,342.0518076,197.9914515,342.0447366,197.9883327,17.9547020,162.0116673},
{ 265.0682665,86.4319430,17.9069749,162.0084945,342.1842567,197.9914515,343.3820061,197.9882981,17.8227601,162.0117019},
{ 271.4225055,82.5188999,17.7927934,162.0084945,341.8404593,197.9914515,342.6222761,197.9883807,17.8721304,162.0116193},
{ 271.6500243,78.6058562,17.7467048,162.0084945,342.2451604,197.9914515,342.2788303,197.9883293,17.7576579,162.0116707},
{ 272.4896731,74.6928126,17.5671401,162.0084945,342.4263060,197.9914515,343.0407635,197.9882965,17.5785035,162.0117035},
{ 280.8477759,70.7797695,18.0666147,162.0084945,340.2776483,197.9914515,350.1672503,197.9883800,17.7824401,162.0116200},
{ 281.5825363,66.8667258,17.9443278,162.0084945,340.9428745,197.9914515,349.4760717,197.9883290,17.6604731,162.0116710},
{ 282.3932641,63.5113950,17.7524770,162.0084945,346.0154486,197.9914515,349.3776577,197.9865774,17.4295760,162.0134226},
{ 284.1404407,61.7463628,14.5847247,162.0132273,349.6445815,197.9867280,350.0009936,197.9753655,17.4220776,162.0246345},
{ 285.2685882,60.6612561,9.4020786,162.0789815,353.3024584,197.9210102,350.3476035,197.9096412,17.0067945,162.0903588},
{ 284.9056963,61.3784465,3.3327670,162.2181623,356.8367360,197.8008661,344.5981660,197.7662886,15.2591173,162.2337114},
{ 287.9366192,58.3190372,2.1598108,162.3569045,358.1453500,197.6878541,345.7132214,197.6719705,14.8307655,162.3280295},
{ 293.4495550,52.6337823,4.0433141,162.3136102,356.5121593,197.7192099,346.6512857,197.7400218,14.7924541,162.2599782},
{ 301.4555336,44.4851250,10.0999127,162.0963236,350.8527557,197.9037246,344.7295079,197.9151599,16.7491519,162.0848401},
{ 301.5687402,44.5393350,4.5232819,162.2608740,355.6059114,197.7675789,343.8610628,197.7659415,14.8486415,162.2340585},
{ 306.9110941,39.1399367,6.0217875,162.1748460,353.6356058,197.8269923,343.1609109,197.8384426,13.5860982,162.1615574},
{ 308.8424780,37.4164903,3.8648658,162.2266824,355.2455646,197.7927235,338.0008515,197.7691192,15.0992080,162.2308808},
{ 310.8014002,35.5614591,1.3396649,162.4095439,357.7171227,197.6441523,339.0704756,197.6327789,14.7794338,162.3672211},
{ 313.0006677,33.5724341,359.4602148,162.5516559,359.6757745,197.5207187,339.1833767,197.5131558,16.1089293,162.4868442},
{ 319.8100382,26.4952450,2.9413747,162.3410463,356.0442394,197.6953365,337.2167085,197.7067302,15.0640126,162.2932698},
{ 333.0482350,12.9630593,17.3967172,162.0266281,348.2660327,197.9734257,340.6612524,197.9848278,17.3788473,162.0151722},
{ 359.0702912,8.2428715,17.8667493,162.0231629,342.1382763,197.9767870,342.0991047,197.9882353,17.8553493,162.0117647},
{ 0.3516887,4.2640980,17.9419945,162.0230627,342.3226606,197.9768874,342.0694429,197.9883558,17.9306395,162.0116442}
