beta=-75.0
yaw=0.0
{
{ 5.3116520,7.1693141,165.7780454,350.2792931,194.2317083,9.6622741,170.6766024,346.5614928,189.1416742,13.2614638},
{ 6.2785681,6.4056297,165.0393929,349.8305085,194.9784223,10.2066758,171.1367664,344.8065507,188.7150782,15.3804252},
{ 6.1938904,2.4832080,165.0280596,349.8305085,194.9784223,10.2066758,171.1482841,344.8384791,188.7022034,15.3478616},
{ 9.6291981,348.3534197,165.0280596,351.3315131,194.9784223,8.6287430,171.1482841,343.9700789,188.7022034,15.2726103},
{ 13.5420512,347.9955624,165.0280596,351.3315131,194.9784223,8.9162844,171.1482841,344.9114630,188.7022034,17.8261694},
{ 17.5943700,336.0985566,165.0280596,351.2554525,194.9784223,8.9162844,171.1676592,344.1733164,188.7022034,17.8830533},
{ 21.5035621,333.5302312,165.0280596,351.2921000,194.9784223,8.8316418,171.1676592,344.8553736,188.7022034,16.3777829},
{ 25.4165928,334.6166797,165.0280596,351.3537462,194.9784223,8.7485563,171.1676592,344.7159443,188.7022034,16.2481160},
{ 29.3296363,331.9227877,165.0280596,351.1988933,194.9784223,8.8748517,171.1676592,344.9885801,188.7022034,15.4810308},
{ 33.2426797,328.5171594,165.0280596,351.1988933,194.9784223,8.8748517,171.1676592,344.5191065,188.7022034,16.1065761},
{ 37.1557232,328.0205762,165.0280596,350.7987076,194.9784223,9.4021694,171.1676592,344.4695771,188.7022034,18.0261693},
{ 41.0687667,327.2321787,165.0280596,350.0253782,194.9784223,10.1132935,171.1676592,343.7561588,188.7022034,18.0024466},
{ 44.9818102,323.2286952,165.0280596,350.0610314,194.9784223,10.1132935,171.1676592,344.1014950,188.7022034,18.1671626},
{ 48.8948536,319.2143251,165.0280596,350.0187465,194.9784223,10.1132935,171.1676592,344.4953486,188.7022034,17.0314156},
{ 52.8078971,313.1951319,165.0280596,350.5628040,194.9784223,9.6108245,171.1676592,344.9111943,188.7022034,17.1392967},
{ 56.7209406,309.3832741,165.0280596,350.5628040,194.9784223,9.6108245,171.1676592,344.8509472,188.7022034,17.4849051},
{ 60.6339841,305.7690359,165.0280596,350.4155450,194.9784223,9.6108245,171.1676592,344.3181355,188.7022034,16.3704039},
{ 64.5470275,301.6242154,165.0280596,350.4155450,194.9784223,9.5930013,171.1676592,344.2752266,188.7022034,15.6642932},
{ 68.4600710,297.7301765,165.0280596,350.4155450,194.9784223,9.5930013,171.1676592,344.2697433,188.7022034,15.6642932},
{ 72.3731145,293.7423168,165.0280596,350.4155450,194.9784223,9.5930013,171.1676592,344.4005517,188.7022034,15.5047645},
{ 76.2861580,275.6761706,165.0280596,350.8232364,194.9784223,9.1819579,171.1676592,344.3576132,188.7022034,15.4606502},
{ 80.1992015,271.3942257,165.0280596,350.8232364,194.9784223,9.1823554,171.1676592,343.4279555,188.7022034,16.3419755},
{ 84.1124770,267.6961531,165.0280596,350.8232364,194.9784223,9.1823554,171.1676592,343.9401050,188.7022034,15.8417868},
{ 88.0252892,263.7456377,165.0280596,350.8232364,194.9784223,9.1823554,171.1676592,343.8552284,188.7022034,15.9249428},
{ 91.9383319,260.1758971,165.0280596,350.8340801,194.9784223,9.1780934,171.1676592,344.5581192,188.7022034,15.3262014},
{ 95.8513754,259.1276161,165.0280596,351.2050690,194.9784223,8.8458914,171.1676592,344.9746013,188.7022034,15.3262014},
{ 99.7644189,261.3007897,165.0280596,351.2050690,194.9784223,8.8458914,171.1676592,344.9817777,188.7022034,15.2591898},
{ 103.6774623,257.3791304,165.0280596,351.2050690,194.9784223,8.8458914,171.1676592,344.9817777,188.7022034,15.2591898},
{ 107.5905058,254.0653959,165.0280596,351.2050690,194.9784223,8.8458914,171.1676592,344.3697191,188.7022034,15.9011726},
{ 111.5035493,250.1647641,165.0280596,351.2050690,194.9784223,8.8458914,171.1676592,344.3697191,188.7022034,15.9370781},
{ 115.4165928,246.8531709,165.0280596,351.1437234,194.9784223,8.8458914,171.1676592,343.4122520,188.7022034,16.0150294},
{ 119.3296362,244.5009531,165.0280596,351.0333191,194.9784223,9.0917286,171.1676592,343.7375949,188.7022034,17.6890331},
{ 123.2426797,241.1518286,165.0280596,351.0224636,194.9784223,9.1818671,171.1676592,343.5758075,188.7022034,19.2225089},
{ 127.1557232,236.8462362,165.0280596,351.0590099,194.9784223,9.1803698,171.1676592,344.4393661,188.7022034,18.6926028},
{ 131.0687667,232.9824290,165.0280596,351.0590099,194.9784223,9.1803698,171.1676592,344.3369152,188.7022034,18.7942059},
{ 134.9818102,229.1061149,165.0280596,351.0590099,194.9784223,9.1803698,171.1676592,344.3369152,188.7022034,18.9105670},
{ 138.8948536,225.3048280,165.0280596,351.0590099,194.9784223,9.1803698,171.1676592,344.0754202,188.7022034,19.0825871},
{ 142.8078971,223.1785126,165.0280596,350.6513263,194.9784223,9.5293029,171.1676592,343.9447204,188.7022034,18.4731446},
{ 146.7209406,219.7502914,165.0280596,350.5987852,194.9784223,9.5625679,171.1676592,342.7688895,188.7022034,19.5085377},
{ 150.6339841,217.8712784,165.0280596,350.0008074,194.9784223,10.0265153,171.1676592,341.4754565,188.7022034,18.6190275},
{ 154.5470276,214.9547104,165.0280596,349.7301334,194.9784223,10.3638891,171.1676592,342.0370856,188.7022034,19.1610657},
{ 158.4340691,213.4080438,165.0280596,348.8665141,194.9784223,11.2922759,171.1676592,343.6981879,188.7022034,18.5879161},
{ 160.4809785,209.3989593,163.5913568,348.8665141,196.4996354,11.2922759,171.1676592,344.2048136,188.7022034,17.9392013},
{ 164.2590949,201.4000360,163.4419361,350.2369701,196.6502666,9.9926354,171.1676592,344.4210363,188.7022034,18.6487007},
{ 168.2184526,199.5251230,163.4931687,349.6817095,196.5986092,10.5802954,171.1676592,344.2269461,188.7022034,19.6451783},
{ 172.1750244,196.5966270,163.5412918,349.3765385,196.5500698,10.9182438,171.1676592,344.3172165,188.7022034,20.3433336},
{ 176.1296764,192.5017676,163.5867151,349.3899336,196.5042606,10.9182438,171.1676592,345.1182273,188.7022034,19.3531365},
{ 180.0824342,190.7445101,163.6293691,348.5355482,196.4612474,11.7035334,171.1676592,345.1182273,188.7022034,18.2402123},
{ 183.1960868,186.9802694,162.6486009,348.3900571,197.4510244,11.8340103,171.1676592,345.4325583,188.7022034,16.7314520},
{ 186.9798243,181.8178317,162.4633757,348.8165734,197.6381605,11.4665043,171.1676592,345.4226792,188.7022034,16.0308730},
{ 190.9698795,182.2347984,162.5737620,347.0125440,197.5265936,13.1158944,171.1676592,345.4178468,188.7022034,16.3038932},
{ 192.2538739,181.3595787,160.1856297,345.5210225,198.0936079,14.6596467,170.7661751,346.0212092,188.9573467,16.4471813},
{ 192.5928329,181.7014524,158.6487191,342.8860893,200.8065080,17.1029078,170.0712838,346.6448664,189.7824943,13.9500893},
{ 191.8565311,181.7014524,159.5850202,342.8860893,200.8227330,17.1029078,168.3518117,344.2326093,191.5436592,15.2330310},
{ 193.1879194,178.9534678,159.0264609,339.7171202,200.2077227,20.2694933,167.1237910,345.2784673,192.7234900,14.2066053},
{ 197.0622825,171.5696326,159.2286705,342.0405401,200.5196407,18.1207799,167.1013071,346.0929915,192.7197185,15.0863092},
{ 201.0170428,171.5696326,159.0744539,342.0405401,200.1167194,18.1207799,167.1013071,341.2110312,192.7197185,18.9871621},
{ 207.5239824,144.5574368,163.8215055,350.6464231,196.0443761,9.2939685,167.9980565,342.0851658,191.8698944,17.1392794},
{ 214.8157707,136.7721006,166.1281066,351.1535184,194.7875856,8.8423259,168.9507402,343.7866774,190.9119719,15.5382917},
{ 220.6040725,130.8714375,165.9418623,351.2381868,194.7397466,8.7103667,169.7357694,344.1397815,190.3135195,15.1246181},
{ 226.4015892,125.3644238,165.5149455,351.2807658,194.8197909,8.7103667,170.1728198,344.9503367,189.8916210,15.0225082},
{ 230.2395900,122.0961713,165.1677801,351.2807658,194.8214459,8.7103667,170.1728198,344.9503367,189.6810963,15.0213816},
{ 234.2037940,117.8075322,165.1677801,351.3287548,194.8233155,8.6661655,170.1728198,344.7029001,189.6810963,15.1551033},
{ 240.3972687,111.1303676,165.5011295,351.3139508,194.8887156,8.6661655,170.5021855,343.4276290,189.3053454,15.8826217},
{ 243.9627207,107.6792434,165.1306812,351.3139508,194.8887156,8.6661655,170.5175677,343.7918666,189.2699638,15.5126744},
{ 249.4162169,102.1196824,165.2759304,351.3095140,194.9241808,8.7304283,170.8555580,342.9662464,189.0560028,17.3130927},
{ 253.6364690,98.0507850,165.0696705,351.3071186,194.9306106,8.7304283,170.8555580,342.6916398,188.9590068,17.3914490},
{ 257.5448309,96.6963978,165.0694699,351.4393109,194.9306106,8.5254703,170.8555580,342.3072956,188.9590068,16.7696287},
{ 261.4577071,96.1864139,165.0694699,351.3227796,194.9306106,8.5254703,170.8555580,341.3643889,188.9590068,15.9379362},
{ 265.3707505,95.6073801,165.0694699,351.0106791,194.9306106,8.8412216,170.8555580,340.2888277,188.9590068,16.9169793},
{ 269.2837940,88.5833864,165.0694699,351.3163160,194.9306106,8.5890079,170.8555580,342.1762760,188.9590068,16.1832085},
{ 273.1968375,87.7605988,165.0694699,350.9320434,194.9306106,8.9798039,170.8555580,342.6214985,188.9590068,15.8372666},
{ 277.1098810,74.9265353,165.0694699,351.2253814,194.9306106,8.6785342,170.8555580,342.4746084,188.9590068,15.8571252},
{ 281.0229244,74.1501487,165.0694699,351.2649468,194.9306106,8.5144519,170.8555580,342.4136857,188.9590068,14.4933094},
{ 284.9359679,73.9994895,165.0694699,351.1231123,194.9306106,8.6882915,170.8555580,342.2576879,188.9590068,14.8932759},
{ 288.8490114,73.7719102,165.0694699,350.5352347,194.9306106,9.3206595,170.8555580,343.1546680,188.9590068,14.6863226},
{ 292.7620549,73.2059376,165.0694699,349.6932669,194.9306106,10.2058587,170.8555580,343.7415279,188.9590068,14.6207820},
{ 296.6750984,71.1347347,165.0694699,349.1438399,194.9306106,10.7774331,170.8555580,343.5320845,188.9590068,15.0660923},
{ 300.5881418,67.1993611,165.0694699,349.1438399,194.9306106,10.7774331,170.8555580,343.6402280,188.9590068,14.9600398},
{ 304.5011853,62.9095394,165.0694699,349.2431825,194.9306106,10.6847124,170.8555580,344.1102717,188.9590068,14.6572569},
{ 308.4142288,58.8926798,165.0694699,349.2431825,194.9306106,10.6847124,170.8555580,344.5613454,188.9590068,14.5137124},
{ 312.3272723,58.3722818,165.0694699,348.3080583,194.9306106,11.9329135,170.8555580,344.5700894,188.9590068,18.7771850},
{ 315.6210139,57.1835397,164.2975246,347.1687009,195.2643895,13.2101080,170.8555580,345.0673311,188.9590068,19.7102176},
{ 316.9497343,56.5165658,161.8274105,345.6329970,196.2479799,14.9345572,170.4867797,346.1993076,189.2033435,19.5716232},
{ 317.8463646,54.3152618,161.9381301,344.5232445,198.5031540,15.7296926,169.8924962,345.0882186,190.0130392,19.1848768},
{ 320.0184266,50.3835604,162.1400548,344.5232445,197.4411208,15.7099451,169.2375198,344.9481388,190.5993345,19.0000330},
{ 323.7643306,46.5867386,161.4243177,344.4712476,198.1292819,15.9239674,169.2375198,346.9978948,190.5993345,19.4451776},
{ 327.7812601,44.4477651,161.8757033,343.7973492,197.6956745,16.7471561,169.2375198,343.8768360,190.5993345,19.2507526},
{ 329.4901654,44.4477651,160.5609786,343.7973492,201.4206307,16.7471561,168.6628878,340.8230420,191.3322209,19.1365236},
{ 333.9386401,36.6463686,162.6144518,343.3948463,198.1810143,16.6143691,168.6628878,341.1073150,191.2795221,18.9222245},
{ 344.3875120,7.3762269,164.4635217,351.4514715,195.5541294,8.5239363,170.2567800,342.5185182,189.5332091,16.7718491},
{ 347.9903166,7.3298453,164.5879933,351.3073340,195.1197582,8.7202078,170.3013384,342.9446995,189.5332091,17.1190064}
